    1  1.413279248E+001
    2  1.074512107E+001
    3  1.089920126E+001
    4  7.766669319E+000
    5  6.692524272E+000
    6  8.314406618E+000
    7  7.941895393E+000
    8  5.656155357E+000
    9  5.589157710E+000
   10  6.731072841E+000
   11  5.580906077E+000
   12  5.025898307E+000
   13  5.747699453E+000
   14  5.956586200E+000
   15  5.215230103E+000
   16  5.316059727E+000
   17  6.102875449E+000
   18  5.861057488E+000
   19  5.767000986E+000
   20  7.426182410E+000
   21  9.615887003E+000
   22  8.020825091E+000
   23  9.566724578E+000
   24  9.951688101E+000
   25  9.695786651E+000
   26  7.934657556E+000
   27  7.355957102E+000
   28  5.589866386E+000
   29  5.299697894E+000
   30  6.528620836E+000
   31  6.052745912E+000
   32  7.433461119E+000
   33  6.965095759E+000
   34  7.010249651E+000
   35  5.956003647E+000
   36  6.520954800E+000
   37  5.625557107E+000
   38  4.966696080E+000
   39  4.925844155E+000
   40  5.710554852E+000
   41  4.733228380E+000
   42  4.487001748E+000
   43  5.378246104E+000
   44  5.145432929E+000
   45  4.272512779E+000
   46  4.650458882E+000
   47  5.737157125E+000
   48  5.054215430E+000
   49  5.199923209E+000
   50  6.556306435E+000
   51  7.194340975E+000
   52  6.790245674E+000
   53  8.702321211E+000
   54  8.818224641E+000
   55  1.155013097E+001
   56  6.938531112E+000
   57  5.590325446E+000
   58  6.360472804E+000
   59  5.981203886E+000
   60  5.039507999E+000
   61  4.854609544E+000
   62  5.534861955E+000
   63  5.122693190E+000
   64  4.513605486E+000
   65  5.019071407E+000
   66  5.662427416E+000
   67  4.878659597E+000
   68  5.073776211E+000
   69  6.121916036E+000
   70  5.883198130E+000
   71  5.535250625E+000
   72  6.777898310E+000
   73  7.290237284E+000
   74  6.499004141E+000
   75  7.907487094E+000
   76  9.144816578E+000
   77  9.985192092E+000
   78  1.024714649E+001
   79  1.247932411E+001
   80  9.436986554E+000
   81  1.598600350E+001
   82  1.229857575E+001
   83  1.271067499E+001
   84  1.109494862E+001
   85  1.014920394E+001
   86  1.151318374E+001
   87  1.016054117E+001
   88  9.474226835E+000
   89  1.614850970E+001
   90  1.294254662E+001
   91  9.606408703E+000
   92  1.049624115E+001
   93  1.060444170E+001
   94  7.851311945E+000
   95  8.317626055E+000
   96  1.230556658E+001
   97  8.067046144E+000
   98  7.306452070E+000
   99  1.237747401E+001
  100  1.402399668E+001
  101  2.443238350E+001
  102  2.421022009E+001
  103  1.405068786E+001
  104  9.301220366E+000
  105  7.501645657E+000
  106  7.081906668E+000
  107  6.769219894E+000
  108  5.938547571E+000
  109  5.723319142E+000
  110  5.546986845E+000
  111  5.272321099E+000
  112  4.502554840E+000
  113  4.813812910E+000
  114  4.785767011E+000
  115  4.920452098E+000
  116  4.675124515E+000
  117  4.629840080E+000
  118  5.665113328E+000
  119  5.290335258E+000
  120  4.978981977E+000
  121  5.860008660E+000
  122  6.848743810E+000
  123  6.262901675E+000
  124  6.318061871E+000
  125  8.856852625E+000
  126  9.296374485E+000
  127  8.234714934E+000
  128  8.922972869E+000
  129  9.853979574E+000
  130  9.266750556E+000
