    1        79.50  88.730  0.7288
    2        58.77  78.440  0.7288
    3        59.41  70.490  0.7288
    4        44.20  55.690  0.7288
    5        38.41  52.820  0.7288
    6        45.68  53.700  0.7288
    7        43.58  44.530  0.7288
    8        31.83  44.870  0.7288
    9        31.22  43.570  0.7288
   10        37.07  36.640  0.7288
   11        31.36  33.940  0.7288
   12        28.86  38.220  0.7288
   13        32.55  35.580  0.7288
   14        33.86  36.820  0.7288
   15        29.00  31.830  0.7288
   16        29.81  29.500  0.7288
   17        33.51  33.820  0.7288
   18        32.39  43.230  0.7288
   19        32.16  46.750  0.7288
   20        40.78  51.690  0.7288
   21        52.20  52.920  0.7288
   22        44.60  65.480  0.7288
   23        50.10  69.160  0.7288
   24        50.46  59.220  0.7288
   25        49.90  50.050  0.7288
   26        40.90  36.310  0.7288
   27        40.75  35.150  0.7288
   28        31.75  28.500  0.7288
   29        30.24  39.420  0.7288
   30        36.83  68.860  0.7288
   31        34.37  81.880  0.7288
   32        41.67  73.070  0.7288
   33        38.36  58.270  0.7288
   34        39.55  39.070  0.7288
   35        33.02  31.460  0.7288
   36        36.58  35.930  0.7288
   37        31.80  26.910  0.7288
   38        28.73  20.750  0.7288
   39        28.18  24.490  0.7288
   40        32.88  26.300  0.7288
   41        27.34  29.640  0.7288
   42        26.34  25.740  0.7288
   43        30.83  28.630  0.7288
   44        29.29  24.750  0.7288
   45        24.55  31.270  0.7288
   46        26.75  34.260  0.7288
   47        32.23  35.840  0.7288
   48        28.94  35.540  0.7288
   49        29.59  31.090  0.7288
   50        36.62  42.590  0.7288
   51        39.90  41.560  0.7288
   52        38.31  38.310  0.7288
   53        48.13  35.160  0.7288
   54        46.47  30.790  0.7288
   55        57.65  35.170  0.7288
   56        38.29  38.050  0.7288
   57        31.28  35.210  0.7288
   58        34.24  33.610  0.7288
   59        31.70  42.010  0.7288
   60        28.22  37.350  0.7288
   61        27.47  37.760  0.7288
   62        30.42  35.660  0.7288
   63        28.60  35.900  0.7288
   64        26.26  34.040  0.7288
   65        28.52  32.290  0.7288
   66        32.09  29.130  0.7288
   67        27.33  33.570  0.7288
   68        29.07  24.600  0.7288
   69        34.73  26.860  0.7288
   70        33.32  26.290  0.7288
   71        32.09  26.690  0.7288
   72        38.95  32.000  0.7288
   73        40.76  30.820  0.7288
   74        37.04  33.370  0.7288
   75        44.79  35.560  0.7288
   76        50.95  45.120  0.7288
   77        54.90  52.280  0.7288
   78        56.85  51.710  0.7288
   79        70.29  58.660  0.7288
   80        51.46  63.940  0.7288
   81        86.68  71.640  0.7288
   82        67.34  54.630  0.7288
   83        65.71  52.100  0.7288
   84        56.50  60.990  0.7288
   85        55.89  50.340  0.7288
   86        59.71  51.200  0.7288
   87        54.00  48.900  0.7288
   88        50.80  49.250  0.7288
   89        77.39  63.770  0.7288
   90        65.82  60.030  0.7288
   91        50.83  50.670  0.7288
   92        55.00  55.580  0.7288
   93        54.77  50.470  0.7288
   94        42.98  47.830  0.7288
   95        43.93  41.440  0.7288
   96        65.08  32.660  0.7288
   97        43.12  34.760  0.7288
   98        40.91  41.000  0.7288
   99        68.07  61.820  0.7288
  100        73.57  77.990  0.7288
  101       124.78  84.220  0.7288
  102       125.36  70.360  0.7288
  103        78.35  56.510  0.7288
  104        51.59  50.380  0.7288
  105        42.80  45.900  0.7288
  106        40.41  39.710  0.7288
  107        38.27  39.640  0.7288
  108        34.09  32.800  0.7288
  109        33.59  31.990  0.7288
  110        32.16  31.850  0.7288
  111        29.75  29.850  0.7288
  112        25.76  23.070  0.7288
  113        28.20  24.840  0.7288
  114        27.36  33.360  0.7288
  115        28.29  26.450  0.7288
  116        27.20  24.410  0.7288
  117        26.35  24.410  0.7288
  118        31.01  35.650  0.7288
  119        29.34  33.330  0.7288
  120        28.61  28.170  0.7288
  121        33.56  33.850  0.7288
  122        38.69  24.810  0.7288
  123        35.50  31.080  0.7288
  124        36.10  33.110  0.7288
  125        47.72  40.850  0.7288
  126        50.34  43.340  0.7288
  127        46.74  46.290  0.7288
  128        49.69  46.560  0.7288
  129        56.06  54.860  0.7288
  130        50.70  50.240  0.7288
