    1        79.16  88.730  0.7340
    2        58.99  78.440  0.7340
    3        59.79  70.490  0.7340
    4        43.92  55.690  0.7340
    5        38.08  52.820  0.7340
    6        45.25  53.700  0.7340
    7        43.89  44.530  0.7340
    8        32.04  44.870  0.7340
    9        31.92  43.570  0.7340
   10        37.51  36.640  0.7340
   11        31.68  33.940  0.7340
   12        29.48  38.220  0.7340
   13        33.21  35.580  0.7340
   14        34.28  36.820  0.7340
   15        29.44  31.830  0.7340
   16        30.26  29.500  0.7340
   17        34.07  33.820  0.7340
   18        32.34  43.230  0.7340
   19        31.70  46.750  0.7340
   20        40.89  51.690  0.7340
   21        51.20  52.920  0.7340
   22        44.18  65.480  0.7340
   23        50.33  69.160  0.7340
   24        49.04  59.220  0.7340
   25        47.72  50.050  0.7340
   26        40.87  36.310  0.7340
   27        40.68  35.150  0.7340
   28        32.79  28.500  0.7340
   29        30.56  39.420  0.7340
   30        37.68  68.860  0.7340
   31        35.20  81.880  0.7340
   32        42.24  73.070  0.7340
   33        38.54  58.270  0.7340
   34        39.22  39.070  0.7340
   35        32.86  31.460  0.7340
   36        37.11  35.930  0.7340
   37        32.43  26.910  0.7340
   38        29.25  20.750  0.7340
   39        29.01  24.490  0.7340
   40        33.68  26.300  0.7340
   41        28.22  29.640  0.7340
   42        27.31  25.740  0.7340
   43        31.86  28.630  0.7340
   44        30.11  24.750  0.7340
   45        25.23  31.270  0.7340
   46        27.29  34.260  0.7340
   47        32.59  35.840  0.7340
   48        29.35  35.540  0.7340
   49        30.06  31.090  0.7340
   50        37.20  42.590  0.7340
   51        40.43  41.560  0.7340
   52        38.31  38.310  0.7340
   53        46.30  35.160  0.7340
   54        45.24  30.790  0.7340
   55        54.55  35.170  0.7340
   56        37.60  38.050  0.7340
   57        30.92  35.210  0.7340
   58        34.10  33.610  0.7340
   59        31.99  42.010  0.7340
   60        28.41  37.350  0.7340
   61        27.63  37.760  0.7340
   62        30.49  35.660  0.7340
   63        28.62  35.900  0.7340
   64        26.76  34.040  0.7340
   65        29.07  32.290  0.7340
   66        32.98  29.130  0.7340
   67        28.23  33.570  0.7340
   68        29.53  24.600  0.7340
   69        34.84  26.860  0.7340
   70        33.91  26.290  0.7340
   71        32.08  26.690  0.7340
   72        39.45  32.000  0.7340
   73        41.23  30.820  0.7340
   74        37.56  33.370  0.7340
   75        45.35  35.560  0.7340
   76        51.27  45.120  0.7340
   77        55.35  52.280  0.7340
   78        56.39  51.710  0.7340
   79        69.50  58.660  0.7340
   80        51.44  63.940  0.7340
   81        89.05  71.640  0.7340
   82        66.64  54.630  0.7340
   83        63.48  52.100  0.7340
   84        54.32  60.990  0.7340
   85        54.61  50.340  0.7340
   86        59.80  51.200  0.7340
   87        52.50  48.900  0.7340
   88        50.03  49.250  0.7340
   89        74.36  63.770  0.7340
   90        66.25  60.030  0.7340
   91        50.50  50.670  0.7340
   92        53.19  55.580  0.7340
   93        52.35  50.470  0.7340
   94        43.05  47.830  0.7340
   95        43.61  41.440  0.7340
   96        65.91  32.660  0.7340
   97        43.65  34.760  0.7340
   98        40.83  41.000  0.7340
   99        68.89  61.820  0.7340
  100        73.13  77.990  0.7340
  101       119.84  84.220  0.7340
  102       118.06  70.360  0.7340
  103        77.56  56.510  0.7340
  104        52.46  50.380  0.7340
  105        43.77  45.900  0.7340
  106        40.93  39.710  0.7340
  107        38.58  39.640  0.7340
  108        34.59  32.800  0.7340
  109        34.14  31.990  0.7340
  110        32.55  31.850  0.7340
  111        30.71  29.850  0.7340
  112        26.40  23.070  0.7340
  113        28.93  24.840  0.7340
  114        28.24  33.360  0.7340
  115        29.01  26.450  0.7340
  116        28.08  24.410  0.7340
  117        27.30  24.410  0.7340
  118        31.53  35.650  0.7340
  119        29.97  33.330  0.7340
  120        28.62  28.170  0.7340
  121        33.94  33.850  0.7340
  122        38.99  24.810  0.7340
  123        35.38  31.080  0.7340
  124        36.59  33.110  0.7340
  125        49.15  40.850  0.7340
  126        51.23  43.340  0.7340
  127        46.44  46.290  0.7340
  128        49.17  46.560  0.7340
  129        54.80  54.860  0.7340
  130        51.46  50.240  0.7340
