    1        70.70  88.730  0.6900
    2        57.02  78.440  0.6900
    3        57.52  70.490  0.6900
    4        39.38  55.690  0.6900
    5        33.76  52.820  0.6900
    6        43.30  53.700  0.6900
    7        41.14  44.530  0.6900
    8        28.09  44.870  0.6900
    9        29.42  43.570  0.6900
   10        36.09  36.640  0.6900
   11        29.41  33.940  0.6900
   12        25.63  38.220  0.6900
   13        30.61  35.580  0.6900
   14        31.97  36.820  0.6900
   15        26.03  31.830  0.6900
   16        26.66  29.500  0.6900
   17        31.36  33.820  0.6900
   18        30.95  43.230  0.6900
   19        29.29  46.750  0.6900
   20        40.64  51.690  0.6900
   21        53.30  52.920  0.6900
   22        44.03  65.480  0.6900
   23        58.24  69.160  0.6900
   24        61.17  59.220  0.6900
   25        58.21  50.050  0.6900
   26        46.15  36.310  0.6900
   27        43.09  35.150  0.6900
   28        29.48  28.500  0.6900
   29        29.13  39.420  0.6900
   30        34.82  68.860  0.6900
   31        32.31  81.880  0.6900
   32        43.04  73.070  0.6900
   33        41.59  58.270  0.6900
   34        35.04  39.070  0.6900
   35        29.39  31.460  0.6900
   36        33.31  35.930  0.6900
   37        29.32  26.910  0.6900
   38        25.05  20.750  0.6900
   39        24.23  24.490  0.6900
   40        28.67  26.300  0.6900
   41        23.17  29.640  0.6900
   42        22.15  25.740  0.6900
   43        26.87  28.630  0.6900
   44        25.42  24.750  0.6900
   45        20.30  31.270  0.6900
   46        22.66  34.260  0.6900
   47        28.68  35.840  0.6900
   48        25.92  35.540  0.6900
   49        25.90  31.090  0.6900
   50        34.27  42.590  0.6900
   51        39.42  41.560  0.6900
   52        38.45  38.310  0.6900
   53        52.24  35.160  0.6900
   54        51.20  30.790  0.6900
   55        61.51  35.170  0.6900
   56        39.90  38.050  0.6900
   57        31.55  35.210  0.6900
   58        36.83  33.610  0.6900
   59        32.12  42.010  0.6900
   60        27.36  37.350  0.6900
   61        26.79  37.760  0.6900
   62        30.35  35.660  0.6900
   63        26.31  35.900  0.6900
   64        23.45  34.040  0.6900
   65        25.92  32.290  0.6900
   66        29.02  29.130  0.6900
   67        22.69  33.570  0.6900
   68        23.24  24.600  0.6900
   69        28.71  26.860  0.6900
   70        27.66  26.290  0.6900
   71        25.09  26.690  0.6900
   72        31.83  32.000  0.6900
   73        36.31  30.820  0.6900
   74        30.63  33.370  0.6900
   75        38.87  35.560  0.6900
   76        46.40  45.120  0.6900
   77        50.43  52.280  0.6900
   78        52.71  51.710  0.6900
   79        66.97  58.660  0.6900
   80        51.74  63.940  0.6900
   81        89.13  71.640  0.6900
   82        66.37  54.630  0.6900
   83        74.94  52.100  0.6900
   84        69.16  60.990  0.6900
   85        60.56  50.340  0.6900
   86        77.84  51.200  0.6900
   87        62.37  48.900  0.6900
   88        58.17  49.250  0.6900
   89       123.87  63.770  0.6900
   90        80.71  60.030  0.6900
   91        57.91  50.670  0.6900
   92        61.34  55.580  0.6900
   93        60.88  50.470  0.6900
   94        42.08  47.830  0.6900
   95        45.77  41.440  0.6900
   96        66.81  32.660  0.6900
   97        43.66  34.760  0.6900
   98        38.86  41.000  0.6900
   99        72.05  61.820  0.6900
  100        89.51  77.990  0.6900
  101       173.36  84.220  0.6900
  102       172.23  70.360  0.6900
  103        78.75  56.510  0.6900
  104        47.80  50.380  0.6900
  105        35.66  45.900  0.6900
  106        34.98  39.710  0.6900
  107        32.21  39.640  0.6900
  108        28.18  32.800  0.6900
  109        26.33  31.990  0.6900
  110        27.33  31.850  0.6900
  111        24.74  29.850  0.6900
  112        21.26  23.070  0.6900
  113        22.94  24.840  0.6900
  114        23.28  33.360  0.6900
  115        24.88  26.450  0.6900
  116        23.90  24.410  0.6900
  117        22.73  24.410  0.6900
  118        28.80  35.650  0.6900
  119        27.82  33.330  0.6900
  120        25.00  28.170  0.6900
  121        30.44  33.850  0.6900
  122        35.30  24.810  0.6900
  123        32.08  31.080  0.6900
  124        30.94  33.110  0.6900
  125        45.10  40.850  0.6900
  126        49.97  43.340  0.6900
  127        42.39  46.290  0.6900
  128        45.84  46.560  0.6900
  129        50.66  54.860  0.6900
  130        49.40  50.240  0.6900
