    1  1.458505312E+001
    2  1.128970648E+001
    3  1.125258551E+001
    4  8.193591258E+000
    5  7.159048977E+000
    6  8.699306143E+000
    7  8.267467506E+000
    8  5.817317543E+000
    9  5.827452307E+000
   10  7.263789080E+000
   11  5.857383621E+000
   12  5.275170856E+000
   13  5.981822849E+000
   14  6.215774649E+000
   15  5.380305007E+000
   16  5.540202274E+000
   17  6.347841819E+000
   18  6.120634450E+000
   19  5.995696944E+000
   20  7.769929750E+000
   21  1.024180061E+001
   22  8.609079299E+000
   23  1.069092778E+001
   24  1.098326310E+001
   25  1.081771951E+001
   26  8.671896275E+000
   27  7.906785554E+000
   28  5.701517369E+000
   29  5.514216537E+000
   30  6.803616401E+000
   31  6.286296225E+000
   32  7.875130309E+000
   33  7.287892063E+000
   34  7.349273390E+000
   35  6.209465531E+000
   36  6.831722943E+000
   37  5.929697135E+000
   38  5.225695389E+000
   39  5.162433823E+000
   40  5.951870303E+000
   41  4.838391636E+000
   42  4.601687673E+000
   43  5.595195724E+000
   44  5.254871423E+000
   45  4.386034748E+000
   46  4.843897798E+000
   47  5.939401135E+000
   48  5.202662596E+000
   49  5.372612456E+000
   50  6.960495405E+000
   51  7.623837095E+000
   52  7.202321187E+000
   53  9.682752942E+000
   54  9.382944156E+000
   55  1.223439501E+001
   56  7.769162833E+000
   57  5.923154183E+000
   58  6.870305572E+000
   59  6.518613801E+000
   60  5.278064326E+000
   61  5.175701237E+000
   62  5.847640541E+000
   63  5.443474191E+000
   64  4.721787176E+000
   65  5.135228359E+000
   66  5.766045428E+000
   67  4.962080244E+000
   68  5.214086168E+000
   69  6.253370074E+000
   70  5.922261098E+000
   71  5.621871439E+000
   72  6.976161519E+000
   73  7.601627116E+000
   74  6.648188691E+000
   75  8.184087202E+000
   76  9.522714013E+000
   77  1.030569522E+001
   78  1.056404901E+001
   79  1.324547209E+001
   80  9.948645244E+000
   81  1.730111792E+001
   82  1.260184444E+001
   83  1.374223400E+001
   84  1.236709252E+001
   85  1.127618337E+001
   86  1.263458562E+001
   87  1.090134705E+001
   88  1.014627628E+001
   89  1.710411396E+001
   90  1.394940418E+001
   91  1.026444310E+001
   92  1.126062413E+001
   93  1.129525083E+001
   94  8.512214843E+000
   95  8.996323697E+000
   96  1.337925174E+001
   97  8.454827771E+000
   98  7.683929658E+000
   99  1.410241185E+001
  100  1.584433213E+001
  101  2.829259647E+001
  102  2.566905625E+001
  103  1.498323119E+001
  104  9.778027359E+000
  105  7.807082694E+000
  106  7.402460511E+000
  107  6.949061576E+000
  108  6.131436972E+000
  109  5.965538291E+000
  110  5.672678074E+000
  111  5.421037243E+000
  112  4.600165104E+000
  113  4.981033534E+000
  114  4.955000428E+000
  115  5.097093876E+000
  116  4.907050458E+000
  117  4.805255076E+000
  118  6.015980327E+000
  119  5.689370366E+000
  120  5.188073625E+000
  121  6.109550658E+000
  122  7.177520075E+000
  123  6.528405505E+000
  124  6.474780203E+000
  125  9.052950774E+000
  126  9.833073155E+000
  127  8.619038707E+000
  128  9.212560967E+000
  129  1.048278741E+001
  130  9.551903160E+000
