    1  1.259248673E+001
    2  9.383832947E+000
    3  9.510613854E+000
    4  6.987062296E+000
    5  6.058141299E+000
    6  7.198142837E+000
    7  6.981956228E+000
    8  5.097014439E+000
    9  5.077644704E+000
   10  5.966677256E+000
   11  5.040071717E+000
   12  4.689177188E+000
   13  5.283199832E+000
   14  5.452544529E+000
   15  4.683684449E+000
   16  4.813570555E+000
   17  5.419144253E+000
   18  5.143870991E+000
   19  5.041952208E+000
   20  6.505357083E+000
   21  8.144824804E+000
   22  7.028026565E+000
   23  8.006538237E+000
   24  7.801281673E+000
   25  7.591374845E+000
   26  6.502200895E+000
   27  6.472026560E+000
   28  5.216539803E+000
   29  4.861335749E+000
   30  5.994682937E+000
   31  5.599312707E+000
   32  6.719904019E+000
   33  6.131313096E+000
   34  6.239162073E+000
   35  5.226979793E+000
   36  5.903334843E+000
   37  5.158296437E+000
   38  4.653381581E+000
   39  4.615325363E+000
   40  5.357147313E+000
   41  4.489141338E+000
   42  4.344407737E+000
   43  5.068025286E+000
   44  4.790527267E+000
   45  4.014269889E+000
   46  4.340534457E+000
   47  5.183919275E+000
   48  4.669537000E+000
   49  4.781880039E+000
   50  5.917666618E+000
   51  6.431293934E+000
   52  6.093771315E+000
   53  7.365150951E+000
   54  7.196114038E+000
   55  8.677824664E+000
   56  5.981501414E+000
   57  4.918728635E+000
   58  5.424377499E+000
   59  5.089381958E+000
   60  4.518615545E+000
   61  4.394831301E+000
   62  4.850795374E+000
   63  4.552428957E+000
   64  4.257681157E+000
   65  4.623867922E+000
   66  5.246748620E+000
   67  4.491267073E+000
   68  4.697452053E+000
   69  5.542521261E+000
   70  5.394314071E+000
   71  5.103686161E+000
   72  6.276333063E+000
   73  6.559109987E+000
   74  5.974786102E+000
   75  7.214105072E+000
   76  8.156093223E+000
   77  8.804948572E+000
   78  8.970992041E+000
   79  1.105630219E+001
   80  8.183243424E+000
   81  1.416556850E+001
   82  1.060117153E+001
   83  1.009812957E+001
   84  8.640904722E+000
   85  8.687464988E+000
   86  9.512485778E+000
   87  8.351668544E+000
   88  7.959155673E+000
   89  1.182892954E+001
   90  1.053932092E+001
   91  8.033066508E+000
   92  8.461040397E+000
   93  8.328316703E+000
   94  6.847579593E+000
   95  6.936985111E+000
   96  1.048396032E+001
   97  6.943115777E+000
   98  6.495056671E+000
   99  1.095913441E+001
  100  1.163399012E+001
  101  1.906337284E+001
  102  1.878100304E+001
  103  1.233756293E+001
  104  8.345002010E+000
  105  6.962842365E+000
  106  6.510971317E+000
  107  6.136939060E+000
  108  5.503208595E+000
  109  5.431491021E+000
  110  5.177248739E+000
  111  4.885190552E+000
  112  4.199070995E+000
  113  4.601915386E+000
  114  4.492455092E+000
  115  4.614650154E+000
  116  4.466530016E+000
  117  4.342545482E+000
  118  5.015719922E+000
  119  4.767942467E+000
  120  4.552222696E+000
  121  5.398295091E+000
  122  6.202960777E+000
  123  5.627611882E+000
  124  5.821395847E+000
  125  7.818375862E+000
  126  8.150141155E+000
  127  7.387459307E+000
  128  7.821708076E+000
  129  8.717512358E+000
  130  8.185830308E+000
