    1        75.56  88.730  0.7199
    2        58.49  78.440  0.7199
    3        58.29  70.490  0.7199
    4        42.45  55.690  0.7199
    5        37.09  52.820  0.7199
    6        45.07  53.700  0.7199
    7        42.83  44.530  0.7199
    8        30.14  44.870  0.7199
    9        30.19  43.570  0.7199
   10        37.63  36.640  0.7199
   11        30.34  33.940  0.7199
   12        27.33  38.220  0.7199
   13        30.99  35.580  0.7199
   14        32.20  36.820  0.7199
   15        27.87  31.830  0.7199
   16        28.70  29.500  0.7199
   17        32.88  33.820  0.7199
   18        31.71  43.230  0.7199
   19        31.06  46.750  0.7199
   20        40.25  51.690  0.7199
   21        53.06  52.920  0.7199
   22        44.60  65.480  0.7199
   23        55.38  69.160  0.7199
   24        56.90  59.220  0.7199
   25        56.04  50.050  0.7199
   26        44.92  36.310  0.7199
   27        40.96  35.150  0.7199
   28        29.54  28.500  0.7199
   29        28.57  39.420  0.7199
   30        35.25  68.860  0.7199
   31        32.57  81.880  0.7199
   32        40.80  73.070  0.7199
   33        37.75  58.270  0.7199
   34        38.07  39.070  0.7199
   35        32.17  31.460  0.7199
   36        35.39  35.930  0.7199
   37        30.72  26.910  0.7199
   38        27.07  20.750  0.7199
   39        26.74  24.490  0.7199
   40        30.83  26.300  0.7199
   41        25.07  29.640  0.7199
   42        23.84  25.740  0.7199
   43        28.99  28.630  0.7199
   44        27.22  24.750  0.7199
   45        22.72  31.270  0.7199
   46        25.09  34.260  0.7199
   47        30.77  35.840  0.7199
   48        26.95  35.540  0.7199
   49        27.83  31.090  0.7199
   50        36.06  42.590  0.7199
   51        39.49  41.560  0.7199
   52        37.31  38.310  0.7199
   53        50.16  35.160  0.7199
   54        48.61  30.790  0.7199
   55        63.38  35.170  0.7199
   56        40.25  38.050  0.7199
   57        30.68  35.210  0.7199
   58        35.59  33.610  0.7199
   59        33.77  42.010  0.7199
   60        27.34  37.350  0.7199
   61        26.81  37.760  0.7199
   62        30.29  35.660  0.7199
   63        28.20  35.900  0.7199
   64        24.46  34.040  0.7199
   65        26.60  32.290  0.7199
   66        29.87  29.130  0.7199
   67        25.71  33.570  0.7199
   68        27.01  24.600  0.7199
   69        32.40  26.860  0.7199
   70        30.68  26.290  0.7199
   71        29.12  26.690  0.7199
   72        36.14  32.000  0.7199
   73        39.38  30.820  0.7199
   74        34.44  33.370  0.7199
   75        42.40  35.560  0.7199
   76        49.33  45.120  0.7199
   77        53.39  52.280  0.7199
   78        54.73  51.710  0.7199
   79        68.62  58.660  0.7199
   80        51.54  63.940  0.7199
   81        89.63  71.640  0.7199
   82        65.28  54.630  0.7199
   83        71.19  52.100  0.7199
   84        64.07  60.990  0.7199
   85        58.42  50.340  0.7199
   86        65.45  51.200  0.7199
   87        56.47  48.900  0.7199
   88        52.56  49.250  0.7199
   89        88.61  63.770  0.7199
   90        72.26  60.030  0.7199
   91        53.17  50.670  0.7199
   92        58.34  55.580  0.7199
   93        58.51  50.470  0.7199
   94        44.10  47.830  0.7199
   95        46.60  41.440  0.7199
   96        69.31  32.660  0.7199
   97        43.80  34.760  0.7199
   98        39.81  41.000  0.7199
   99        73.06  61.820  0.7199
  100        82.08  77.990  0.7199
  101       146.57  84.220  0.7199
  102       132.98  70.360  0.7199
  103        77.62  56.510  0.7199
  104        50.65  50.380  0.7199
  105        40.44  45.900  0.7199
  106        38.35  39.710  0.7199
  107        36.00  39.640  0.7199
  108        31.76  32.800  0.7199
  109        30.90  31.990  0.7199
  110        29.39  31.850  0.7199
  111        28.08  29.850  0.7199
  112        23.83  23.070  0.7199
  113        25.80  24.840  0.7199
  114        25.67  33.360  0.7199
  115        26.41  26.450  0.7199
  116        25.42  24.410  0.7199
  117        24.89  24.410  0.7199
  118        31.17  35.650  0.7199
  119        29.47  33.330  0.7199
  120        26.88  28.170  0.7199
  121        31.65  33.850  0.7199
  122        37.18  24.810  0.7199
  123        33.82  31.080  0.7199
  124        33.54  33.110  0.7199
  125        46.90  40.850  0.7199
  126        50.94  43.340  0.7199
  127        44.65  46.290  0.7199
  128        47.73  46.560  0.7199
  129        54.31  54.860  0.7199
  130        49.48  50.240  0.7199
