    1        76.86  88.730  0.7221
    2        58.67  78.440  0.7221
    3        59.80  70.490  0.7221
    4        43.71  55.690  0.7221
    5        37.81  52.820  0.7221
    6        46.11  53.700  0.7221
    7        43.04  44.530  0.7221
    8        31.14  44.870  0.7221
    9        31.08  43.570  0.7221
   10        37.65  36.640  0.7221
   11        30.70  33.940  0.7221
   12        28.17  38.220  0.7221
   13        32.22  35.580  0.7221
   14        33.75  36.820  0.7221
   15        29.07  31.830  0.7221
   16        29.88  29.500  0.7221
   17        34.26  33.820  0.7221
   18        32.40  43.230  0.7221
   19        31.92  46.750  0.7221
   20        40.79  51.690  0.7221
   21        51.71  52.920  0.7221
   22        44.06  65.480  0.7221
   23        50.51  69.160  0.7221
   24        52.21  59.220  0.7221
   25        50.74  50.050  0.7221
   26        41.12  36.310  0.7221
   27        40.93  35.150  0.7221
   28        31.11  28.500  0.7221
   29        29.67  39.420  0.7221
   30        36.74  68.860  0.7221
   31        33.69  81.880  0.7221
   32        40.63  73.070  0.7221
   33        38.28  58.270  0.7221
   34        39.08  39.070  0.7221
   35        32.87  31.460  0.7221
   36        36.87  35.930  0.7221
   37        31.17  26.910  0.7221
   38        28.04  20.750  0.7221
   39        27.98  24.490  0.7221
   40        32.34  26.300  0.7221
   41        26.50  29.640  0.7221
   42        25.41  25.740  0.7221
   43        30.04  28.630  0.7221
   44        28.79  24.750  0.7221
   45        23.93  31.270  0.7221
   46        26.40  34.260  0.7221
   47        31.89  35.840  0.7221
   48        28.72  35.540  0.7221
   49        29.19  31.090  0.7221
   50        36.31  42.590  0.7221
   51        40.51  41.560  0.7221
   52        38.04  38.310  0.7221
   53        47.67  35.160  0.7221
   54        46.68  30.790  0.7221
   55        59.98  35.170  0.7221
   56        37.91  38.050  0.7221
   57        31.16  35.210  0.7221
   58        34.49  33.610  0.7221
   59        32.83  42.010  0.7221
   60        27.86  37.350  0.7221
   61        27.28  37.760  0.7221
   62        30.87  35.660  0.7221
   63        27.88  35.900  0.7221
   64        25.54  34.040  0.7221
   65        28.01  32.290  0.7221
   66        31.65  29.130  0.7221
   67        26.80  33.570  0.7221
   68        28.47  24.600  0.7221
   69        34.13  26.860  0.7221
   70        33.00  26.290  0.7221
   71        31.59  26.690  0.7221
   72        38.37  32.000  0.7221
   73        40.93  30.820  0.7221
   74        36.28  33.370  0.7221
   75        43.84  35.560  0.7221
   76        50.40  45.120  0.7221
   77        55.30  52.280  0.7221
   78        56.61  51.710  0.7221
   79        68.93  58.660  0.7221
   80        52.00  63.940  0.7221
   81        89.29  71.640  0.7221
   82        67.00  54.630  0.7221
   83        68.17  52.100  0.7221
   84        59.53  60.990  0.7221
   85        55.68  50.340  0.7221
   86        60.22  51.200  0.7221
   87        54.76  48.900  0.7221
   88        52.08  49.250  0.7221
   89        82.17  63.770  0.7221
   90        67.50  60.030  0.7221
   91        53.68  50.670  0.7221
   92        56.33  55.580  0.7221
   93        55.87  50.470  0.7221
   94        42.55  47.830  0.7221
   95        45.21  41.440  0.7221
   96        67.70  32.660  0.7221
   97        44.19  34.760  0.7221
   98        40.49  41.000  0.7221
   99        67.71  61.820  0.7221
  100        73.44  77.990  0.7221
  101       126.29  84.220  0.7221
  102       129.54  70.360  0.7221
  103        78.31  56.510  0.7221
  104        51.96  50.380  0.7221
  105        41.85  45.900  0.7221
  106        38.98  39.710  0.7221
  107        37.56  39.640  0.7221
  108        33.37  32.800  0.7221
  109        32.50  31.990  0.7221
  110        31.64  31.850  0.7221
  111        29.18  29.850  0.7221
  112        25.06  23.070  0.7221
  113        27.52  24.840  0.7221
  114        26.90  33.360  0.7221
  115        27.75  26.450  0.7221
  116        26.46  24.410  0.7221
  117        26.19  24.410  0.7221
  118        31.28  35.650  0.7221
  119        29.24  33.330  0.7221
  120        28.22  28.170  0.7221
  121        32.86  33.850  0.7221
  122        38.45  24.810  0.7221
  123        35.11  31.080  0.7221
  124        35.82  33.110  0.7221
  125        47.46  40.850  0.7221
  126        50.83  43.340  0.7221
  127        46.29  46.290  0.7221
  128        49.62  46.560  0.7221
  129        54.65  54.860  0.7221
  130        50.36  50.240  0.7221
