    1  1.326350087E+001
    2  1.012478205E+001
    3  1.031946755E+001
    4  7.542755956E+000
    5  6.525070928E+000
    6  7.956439268E+000
    7  7.427335105E+000
    8  5.373134009E+000
    9  5.362730646E+000
   10  6.497172587E+000
   11  5.297047645E+000
   12  4.860730532E+000
   13  5.559983119E+000
   14  5.823681105E+000
   15  5.016974303E+000
   16  5.156226185E+000
   17  5.912226005E+000
   18  5.591735077E+000
   19  5.508604748E+000
   20  7.038002350E+000
   21  8.923629541E+000
   22  7.603308538E+000
   23  8.716278358E+000
   24  9.008751885E+000
   25  8.755247208E+000
   26  7.096070660E+000
   27  7.062503779E+000
   28  5.368773377E+000
   29  5.120065573E+000
   30  6.339766633E+000
   31  5.814471047E+000
   32  7.012072961E+000
   33  6.605795291E+000
   34  6.744518868E+000
   35  5.672444212E+000
   36  6.361981088E+000
   37  5.378540782E+000
   38  4.839137776E+000
   39  4.828463967E+000
   40  5.581354009E+000
   41  4.572084464E+000
   42  4.385307461E+000
   43  5.184636710E+000
   44  4.967541153E+000
   45  4.129571878E+000
   46  4.556102307E+000
   47  5.503427781E+000
   48  4.955912667E+000
   49  5.037618365E+000
   50  6.266559721E+000
   51  6.990260013E+000
   52  6.563468084E+000
   53  8.226190791E+000
   54  8.056067319E+000
   55  1.035018205E+001
   56  6.541314624E+000
   57  5.376918798E+000
   58  5.950921614E+000
   59  5.666045318E+000
   60  4.807010878E+000
   61  4.708247837E+000
   62  5.327060191E+000
   63  4.810779150E+000
   64  4.406550841E+000
   65  4.833560003E+000
   66  5.462226728E+000
   67  4.625134621E+000
   68  4.913473459E+000
   69  5.890041395E+000
   70  5.694238769E+000
   71  5.451418400E+000
   72  6.621037835E+000
   73  7.062595462E+000
   74  6.261330037E+000
   75  7.564678418E+000
   76  8.697870730E+000
   77  9.541942115E+000
   78  9.768951163E+000
   79  1.189395144E+001
   80  8.974109592E+000
   81  1.540855685E+001
   82  1.156199311E+001
   83  1.176414500E+001
   84  1.027254256E+001
   85  9.607701830E+000
   86  1.039130851E+001
   87  9.449552835E+000
   88  8.986263966E+000
   89  1.417875359E+001
   90  1.164741263E+001
   91  9.263731641E+000
   92  9.721086749E+000
   93  9.641958654E+000
   94  7.342451871E+000
   95  7.801622350E+000
   96  1.168313161E+001
   97  7.626092467E+000
   98  6.986772526E+000
   99  1.168392118E+001
  100  1.267230042E+001
  101  2.179261436E+001
  102  2.235357584E+001
  103  1.351357268E+001
  104  8.966346481E+000
  105  7.221838178E+000
  106  6.726867446E+000
  107  6.481765179E+000
  108  5.758715097E+000
  109  5.608326721E+000
  110  5.459145249E+000
  111  5.036067125E+000
  112  4.325259733E+000
  113  4.748905014E+000
  114  4.641747377E+000
  115  4.789209554E+000
  116  4.565177973E+000
  117  4.519624013E+000
  118  5.398122602E+000
  119  5.046318125E+000
  120  4.870551056E+000
  121  5.670133055E+000
  122  6.635157402E+000
  123  6.059191930E+000
  124  6.181948046E+000
  125  8.190576897E+000
  126  8.771940539E+000
  127  7.987330807E+000
  128  8.562254571E+000
  129  9.429850762E+000
  130  8.691092887E+000
