    1  1.315891716E+001
    2  9.726320804E+000
    3  9.833370937E+000
    4  7.314927534E+000
    5  6.358044706E+000
    6  7.560076895E+000
    7  7.212672999E+000
    8  5.267981549E+000
    9  5.167079365E+000
   10  6.135662883E+000
   11  5.191258235E+000
   12  4.776924642E+000
   13  5.386884687E+000
   14  5.604926327E+000
   15  4.800271315E+000
   16  4.933696726E+000
   17  5.546062701E+000
   18  5.360614414E+000
   19  5.323067156E+000
   20  6.750254936E+000
   21  8.639103211E+000
   22  7.382558297E+000
   23  8.291431392E+000
   24  8.351233800E+000
   25  8.259149949E+000
   26  6.770197402E+000
   27  6.744234980E+000
   28  5.254714657E+000
   29  5.005166579E+000
   30  6.096296179E+000
   31  5.687831798E+000
   32  6.896734424E+000
   33  6.348447404E+000
   34  6.546561056E+000
   35  5.465634955E+000
   36  6.054616692E+000
   37  5.263223416E+000
   38  4.755382978E+000
   39  4.663414697E+000
   40  5.441479639E+000
   41  4.524697631E+000
   42  4.359954946E+000
   43  5.102635363E+000
   44  4.848173139E+000
   45  4.063988071E+000
   46  4.427253529E+000
   47  5.334904780E+000
   48  4.789951106E+000
   49  4.897736682E+000
   50  6.061474801E+000
   51  6.603583380E+000
   52  6.340155234E+000
   53  7.965714405E+000
   54  7.690794975E+000
   55  9.541030122E+000
   56  6.338193220E+000
   57  5.178003102E+000
   58  5.667212527E+000
   59  5.245908080E+000
   60  4.671227265E+000
   61  4.546231005E+000
   62  5.035479771E+000
   63  4.734268867E+000
   64  4.345770015E+000
   65  4.721206970E+000
   66  5.311084766E+000
   67  4.523089170E+000
   68  4.811289817E+000
   69  5.747882069E+000
   70  5.514863209E+000
   71  5.310529255E+000
   72  6.447169720E+000
   73  6.746814024E+000
   74  6.131022170E+000
   75  7.413838581E+000
   76  8.433128417E+000
   77  9.087299671E+000
   78  9.409255245E+000
   79  1.163312167E+001
   80  8.517851448E+000
   81  1.434654599E+001
   82  1.114535675E+001
   83  1.087617686E+001
   84  9.350792734E+000
   85  9.250876811E+000
   86  9.883206740E+000
   87  8.938401490E+000
   88  8.407949879E+000
   89  1.280850604E+001
   90  1.089467044E+001
   91  8.413071150E+000
   92  9.102970633E+000
   93  9.065549954E+000
   94  7.113040777E+000
   95  7.271026428E+000
   96  1.077168365E+001
   97  7.136563810E+000
   98  6.770748813E+000
   99  1.126556352E+001
  100  1.217599213E+001
  101  2.065239384E+001
  102  2.074934790E+001
  103  1.296762343E+001
  104  8.539480215E+000
  105  7.084597394E+000
  106  6.688242901E+000
  107  6.334089189E+000
  108  5.641863637E+000
  109  5.559030961E+000
  110  5.323538300E+000
  111  4.924794455E+000
  112  4.262941717E+000
  113  4.667835262E+000
  114  4.527712163E+000
  115  4.682587654E+000
  116  4.501103721E+000
  117  4.360488608E+000
  118  5.132695778E+000
  119  4.855531331E+000
  120  4.735310684E+000
  121  5.555164077E+000
  122  6.402902695E+000
  123  5.874900260E+000
  124  5.974372063E+000
  125  7.897910378E+000
  126  8.331500155E+000
  127  7.736132893E+000
  128  8.224993121E+000
  129  9.277794266E+000
  130  8.391083211E+000
