    1        77.57  88.730  0.7212
    2        58.98  78.440  0.7212
    3        59.82  70.490  0.7212
    4        42.63  55.690  0.7212
    5        36.73  52.820  0.7212
    6        45.64  53.700  0.7212
    7        43.59  44.530  0.7212
    8        31.04  44.870  0.7212
    9        30.68  43.570  0.7212
   10        36.94  36.640  0.7212
   11        30.63  33.940  0.7212
   12        27.59  38.220  0.7212
   13        31.55  35.580  0.7212
   14        32.69  36.820  0.7212
   15        28.62  31.830  0.7212
   16        29.18  29.500  0.7212
   17        33.50  33.820  0.7212
   18        32.17  43.230  0.7212
   19        31.65  46.750  0.7212
   20        40.76  51.690  0.7212
   21        52.78  52.920  0.7212
   22        44.02  65.480  0.7212
   23        52.51  69.160  0.7212
   24        54.62  59.220  0.7212
   25        53.22  50.050  0.7212
   26        43.55  36.310  0.7212
   27        40.37  35.150  0.7212
   28        30.68  28.500  0.7212
   29        29.09  39.420  0.7212
   30        35.83  68.860  0.7212
   31        33.22  81.880  0.7212
   32        40.80  73.070  0.7212
   33        38.23  58.270  0.7212
   34        38.48  39.070  0.7212
   35        32.69  31.460  0.7212
   36        35.79  35.930  0.7212
   37        30.88  26.910  0.7212
   38        27.26  20.750  0.7212
   39        27.04  24.490  0.7212
   40        31.34  26.300  0.7212
   41        25.98  29.640  0.7212
   42        24.63  25.740  0.7212
   43        29.52  28.630  0.7212
   44        28.24  24.750  0.7212
   45        23.45  31.270  0.7212
   46        25.52  34.260  0.7212
   47        31.49  35.840  0.7212
   48        27.74  35.540  0.7212
   49        28.54  31.090  0.7212
   50        35.99  42.590  0.7212
   51        39.49  41.560  0.7212
   52        37.27  38.310  0.7212
   53        47.76  35.160  0.7212
   54        48.40  30.790  0.7212
   55        63.40  35.170  0.7212
   56        38.08  38.050  0.7212
   57        30.68  35.210  0.7212
   58        34.91  33.610  0.7212
   59        32.83  42.010  0.7212
   60        27.66  37.350  0.7212
   61        26.65  37.760  0.7212
   62        30.38  35.660  0.7212
   63        28.12  35.900  0.7212
   64        24.77  34.040  0.7212
   65        27.55  32.290  0.7212
   66        31.08  29.130  0.7212
   67        26.78  33.570  0.7212
   68        27.85  24.600  0.7212
   69        33.60  26.860  0.7212
   70        32.29  26.290  0.7212
   71        30.38  26.690  0.7212
   72        37.20  32.000  0.7212
   73        40.01  30.820  0.7212
   74        35.67  33.370  0.7212
   75        43.40  35.560  0.7212
   76        50.19  45.120  0.7212
   77        54.81  52.280  0.7212
   78        56.24  51.710  0.7212
   79        68.50  58.660  0.7212
   80        51.80  63.940  0.7212
   81        87.74  71.640  0.7212
   82        67.50  54.630  0.7212
   83        69.76  52.100  0.7212
   84        60.90  60.990  0.7212
   85        55.71  50.340  0.7212
   86        63.19  51.200  0.7212
   87        55.77  48.900  0.7212
   88        52.00  49.250  0.7212
   89        88.63  63.770  0.7212
   90        71.04  60.030  0.7212
   91        52.73  50.670  0.7212
   92        57.61  55.580  0.7212
   93        58.20  50.470  0.7212
   94        43.09  47.830  0.7212
   95        45.65  41.440  0.7212
   96        67.54  32.660  0.7212
   97        44.28  34.760  0.7212
   98        40.10  41.000  0.7212
   99        67.94  61.820  0.7212
  100        76.97  77.990  0.7212
  101       134.10  84.220  0.7212
  102       132.88  70.360  0.7212
  103        77.12  56.510  0.7212
  104        51.05  50.380  0.7212
  105        41.17  45.900  0.7212
  106        38.87  39.710  0.7212
  107        37.15  39.640  0.7212
  108        32.59  32.800  0.7212
  109        31.41  31.990  0.7212
  110        30.45  31.850  0.7212
  111        28.94  29.850  0.7212
  112        24.71  23.070  0.7212
  113        26.42  24.840  0.7212
  114        26.27  33.360  0.7212
  115        27.01  26.450  0.7212
  116        25.66  24.410  0.7212
  117        25.41  24.410  0.7212
  118        31.09  35.650  0.7212
  119        29.04  33.330  0.7212
  120        27.33  28.170  0.7212
  121        32.16  33.850  0.7212
  122        37.59  24.810  0.7212
  123        34.38  31.080  0.7212
  124        34.68  33.110  0.7212
  125        48.61  40.850  0.7212
  126        51.02  43.340  0.7212
  127        45.20  46.290  0.7212
  128        48.98  46.560  0.7212
  129        54.09  54.860  0.7212
  130        50.86  50.240  0.7212
