 beta=   6.2862730775682278     
  -1.6653416618739831E-015
  -2.0020189754114149E-016
  -1.4828012607345660E-016
   8.7837542391902304E-016
   1.3476939252664181E-015
   4.1129331036459303E-015
   5.8011213216471361E-002
   6.4782514261338353E-002
   7.5074022303526555E-002
   8.4189837160393702E-002
   8.8234580922598671E-002
   9.3014313149972883E-002
  0.10167763751724838     
  0.10319947977002637     
  0.11237935898586496     
  0.11403030339466937     
  0.11611224661243817     
  0.12320864445122524     
  0.12453110677292623     
  0.12745038819174731     
  0.12878573602170501     
  0.13538150735395446     
  0.13995946301328671     
  0.14321394060194517     
  0.14888535971384848     
  0.15152168494906021     
  0.15312321611418672     
  0.15342254832756919     
  0.15694843699799046     
  0.16094102274529001     
  0.16218242093957005     
  0.16510590150613672     
  0.16643880083915791     
  0.16758619495138982     
  0.17168169679175291     
  0.17450332656533069     
  0.17485423841790915     
  0.17971626219834494     
  0.18227350400699621     
  0.18388757156801294     
  0.18775782136547814     
  0.19043812370983401     
  0.19247204360076259     
  0.19335541430053746     
  0.19431715656652274     
  0.19987793563562872     
  0.20478336416356160     
  0.20998639140522210     
  0.21144749109679298     
  0.21362195155428437     
  0.21612431869188697     
  0.21947435413440733     
  0.22133879848136817     
  0.22403239707834852     
  0.22548961384411173     
  0.22655591542623194     
  0.22788682399760607     
  0.22871523943123334     
  0.23302599739454538     
  0.23636646033709949     
  0.23733528190387521     
  0.23992102889746059     
  0.24098212517134837     
  0.24405027674102969     
  0.24579899168031405     
  0.24672923590492477     
  0.25187262686639500     
  0.25425642128454456     
  0.25515627365595855     
  0.25698691708684762     
  0.25829368365409694     
  0.26083957035668315     
  0.26239030035754368     
  0.26348290623456333     
  0.26723903173870583     
  0.26908789220671830     
  0.27014138681908406     
  0.27214163728858481     
  0.27524562002640579     
  0.27802894771247905     
  0.27950912450740911     
  0.28252450902421550     
  0.28283632202214154     
  0.28788046349340152     
  0.28949259800414456     
  0.29264503496001665     
  0.29526339318213146     
  0.29683925312151682     
  0.29868751201206761     
  0.30100497255434006     
  0.30485402234364600     
  0.30968606404756416     
  0.31096003371641739     
  0.31198260878764861     
  0.31898566511515547     
  0.31990620703864631     
  0.32185389816197768     
  0.32399256527939285     
  0.32442696207926480     
  0.32760659814066795     
  0.32800238189295883     
  0.32932983815979505     
  0.33096187776306890     
  0.33204474254791605     
  0.33318478562337045     
  0.33510526801223500     
  0.33943211274451196     
  0.34055939291610565     
  0.34057427234094623     
  0.34242926745655949     
  0.34520817762482381     
  0.34559116092596909     
  0.34751910328737007     
  0.35043856136059731     
  0.35153849684092098     
  0.36098908052773454     
  0.36212354286613085     
  0.36514243508057559     
  0.36602779137238300     
  0.37025303193452447     
  0.37201475462035050     
  0.37523372683617456     
  0.37765456792816660     
  0.38499603310349234     
  0.38721229847427074     
  0.39006257666554539     
  0.39063163204229434     
  0.39282638693747074     
  0.39673984524306222     
  0.39929579026507550     
  0.40216878879767243     
  0.40476249405160841     
  0.41198009438029132     
  0.41354999267784470     
  0.41544217248423793     
  0.42041235412111011     
  0.42305260250098337     
  0.42723405229823908     
  0.42864870364631069     
  0.43138469569613014     
  0.43220617879709455     
  0.43563009729273916     
  0.44165306671995430     
  0.44290829944673754     
  0.44398989141316686     
  0.44713191720829748     
  0.44898094735114347     
  0.45334557256352120     
  0.45520338664654780     
  0.45796482948913941     
  0.45903545973493676     
  0.46107576027414865     
  0.46256504324700393     
  0.46367748819899318     
  0.46459588479725250     
  0.46599096709372617     
  0.46691032711226449     
  0.46908399762094383     
  0.47150534494425622     
  0.47277925862033021     
  0.47441294808196721     
  0.47747220348648939     
  0.47929773770439382     
  0.47973362189898261     
  0.48314900223132712     
  0.48569127807273116     
  0.48749243499279155     
  0.48853053496036503     
  0.49045544529746193     
  0.49228210150500451     
  0.49441205154391626     
  0.49697124840404061     
  0.49824940946536095     
  0.50512722852207592     
  0.50832967189059719     
  0.51137926342552431     
  0.51385566606114286     
  0.51434541511192877     
  0.51600717806989493     
  0.52210265998675465     
  0.52430913994860462     
  0.52806764718645105     
  0.53196130800054175     
  0.53301507414049698     
  0.53814325627500559     
  0.54046435257988512     
  0.54215788975769774     
  0.54365937084981941     
  0.54565505650009771     
  0.54648982365703302     
  0.55025881092170248     
  0.55169812604130852     
  0.55257315092583736     
  0.55627502129074968     
  0.55972313573903132     
  0.56098207224862706     
  0.56493932016759307     
  0.56753045500245025     
  0.56951992022532894     
  0.57275929199951925     
  0.57562867960956976     
  0.58378901298249486     
  0.58800196827465867     
  0.59442234302577890     
  0.59861874872109133     
  0.60968598516997430     
  0.62001938509544374     
  0.62171760815979804     
  0.62415459352412284     
  0.63045555309291157     
  0.63794243722406996     
  0.64122215829181850     
  0.64430753564230536     
  0.64808565697315323     
  0.65033078540783862     
  0.65329484618166600     
  0.65500872630744755     
  0.65952645039810720     
  0.66154215123604565     
  0.66858832412941127     
  0.67215633166566968     
  0.67445753935297259     
  0.67797846839934850     
  0.67984994021614020     
  0.69402247162584307     
  0.70082183248736352     
  0.70223467332583089     
  0.70460551477132660     
  0.70864557946115758     
  0.71746202007084192     
  0.72052397589817374     
  0.72796937106180470     
  0.73053933058383091     
  0.73828701341081548     
  0.75045645474679779     
  0.76032699672997162     
  0.76430748106637214     
  0.77480343869874158     
  0.77736210465234989     
  0.78407686263663201     
  0.79060166653992536     
  0.79603438342745458     
  0.83594226006908368     
  0.84722723183686688     
  0.85913900759617301     
  0.87327501962726140     
  0.88171725835194836     
  0.89147052043992647     
  0.89763989800732380     
  0.90873045230570415     
  0.91431922244206054     
  0.92883275784166808     
  0.94719684275647287     
  0.96708819942654334     
  0.97872103249939613     
  0.98609025829177144     
  0.99019644073828483     
   1.0309618260043185     
   1.0356033035216623     
   1.0506322534173813     
   1.1936729213902439     
   1.3694692049322337     
   1.4059531438769926     
   1.4157424614284857     
   1.4358171496745087     
   1.4434993385744341     
   1.4952800814721006     
   1.5973832316389109     
   1.6940895741638531     
   1.7077986214781555     
   1.7735861145179548     
   1.9651363376635522     
   2.0084081546391621     
   2.0107622453413065     
   2.0120574182778617     
   2.0534652065843284     
   2.0748930417610838     
   2.0749623311465752     
   2.1061373085481323     
   2.1268283227641525     
   2.1384448640416851     
   2.1489120399356212     
   2.1535017910477814     
   2.1780201921316933     
   2.1791752249143768     
   2.1805634204947228     
   2.1848753404064172     
   2.1906884448355255     
   2.2175421731498459     
   2.2310597057962460     
   2.2395045675607674     
   2.2447084431529993     
   2.2497531275542939     
   2.2510482291758178     
   2.2594922260999120     
   2.2659992006197354     
   2.2702362209193607     
   2.2740080902329285     
   2.2753348861722236     
   2.2778767334634056     
   2.2797218787531270     
   2.2843615030356843     
   2.2849651951858130     
   2.2866779201287808     
   2.2924930531774250     
   2.2964016144620731     
   2.3086417766966432     
   2.3097788060815136     
   2.3110360576279203     
   2.3153074345236533     
   2.3186956040383828     
   2.3194686391652271     
   2.3205573837837665     
   2.3250037741973748     
   2.3261276210282738     
   2.3366368307245553     
   2.3481003006805348     
   2.3504788551459659     
   2.3579286951045439     
   2.3673178051002530     
   2.3677715704667537     
   2.3732009583248135     
   2.3771545665343576     
   2.3795651703733594     
   2.3836279241569320     
   2.3925933906244912     
   2.3948199842056686     
   2.3967707447215121     
   2.4029246509280044     
   2.4079376400422881     
   2.4089158120551653     
   2.4099870922191799     
   2.4178110436263993     
   2.4246530713909991     
   2.4286673888989001     
   2.4305256423716797     
   2.4327147184372846     
   2.4335028815407291     
   2.4345509522002740     
   2.4375569559785810     
   2.4413623228313726     
   2.4433728846952669     
   2.4599776517332637     
   2.4646300067006415     
   2.4685459438722246     
   2.4754778205178227     
   2.4759537700163254     
   2.4826095498807681     
   2.4853554670039988     
   2.4939669793714381     
   2.5002180235070970     
   2.5051023400377126     
   2.5103726043572827     
   2.5171294631419783     
   2.5192114943242001     
   2.5230105297195067     
   2.5264026447509162     
   2.5452767066869311     
   2.5516264727655127     
   2.5536082543141334     
   2.5600336298917434     
   2.5745453689633107     
   2.5768338651370839     
   2.5785018744825887     
   2.5862350485775276     
   2.5904284096984980     
   2.5925590666345872     
   2.5971863539822349     
   2.6028598916861485     
   2.6228007842613650     
   2.6239403704119515     
   2.6304837757499273     
   2.6365929037323941     
   2.6421436502651261     
   2.6459779090984581     
   2.6539313558661641     
   2.7036274842889263     
   2.7150853468497083     
   2.7699833595536583     
   2.7833801434668088     
   2.9083378317242010     
   3.0840924759882915     
   3.0861879685346301     
   3.1108348956399423     
   3.1304114367504741     
   3.1815295879389853     
   3.1995397158455772     
   3.2948861305155139     
   3.3788555936612408     
   3.5139266332851569     
