 beta=   4.3774099486039182     
  -2.7288963817719501E-015
  -1.2012981801070135E-015
  -8.5366351782954784E-016
  -2.6434996920134371E-016
   6.2701715255023299E-016
   3.5006836833984763E-015
   2.7544906603121810E-002
   3.1905165991274950E-002
   3.9109544785337326E-002
   4.3917019821919256E-002
   4.8241195154367512E-002
   5.2627225905303041E-002
   5.7813406481672457E-002
   6.6750192573667946E-002
   6.8885938373075967E-002
   7.0730486364019171E-002
   7.3740486356913285E-002
   7.9972174921097414E-002
   8.2443856731403781E-002
   8.4453779807581619E-002
   8.8991954393399575E-002
   9.3720305539749013E-002
   9.4854903236616425E-002
   9.5668083408737489E-002
   9.8625973051604379E-002
  0.10062910548534300     
  0.10219136906058468     
  0.10440061325788136     
  0.10701022453202218     
  0.11037649549898974     
  0.11122477992100013     
  0.11274330995360876     
  0.11596894853171055     
  0.11677417545637563     
  0.11832778146874262     
  0.12115062559681668     
  0.12371574594043626     
  0.12926359808461343     
  0.13001452986476364     
  0.13141530521191833     
  0.13379573355733976     
  0.13596832819650165     
  0.13983154352772142     
  0.14079379984298712     
  0.14328715101177081     
  0.14435286769149996     
  0.14490361291573503     
  0.14598605811376175     
  0.14817031753055634     
  0.14926844910132778     
  0.15063707153423614     
  0.15488836682527926     
  0.15752075476558766     
  0.15883040289596861     
  0.16116515186771746     
  0.16354278774607212     
  0.16693710807722609     
  0.16822406901331668     
  0.17174242330423858     
  0.17607148769459585     
  0.17717166504307283     
  0.17898300584886367     
  0.17955057671636335     
  0.18103023163447882     
  0.18248577861998183     
  0.18510959288606024     
  0.18790243993270733     
  0.18910392750487950     
  0.19149868041612997     
  0.19471726071994899     
  0.19625951512080766     
  0.19855297030643407     
  0.19974486890671592     
  0.20148185669315605     
  0.20206569025546106     
  0.20418050516826433     
  0.20480207962990729     
  0.20538191394203120     
  0.20770030978399795     
  0.20864919675240753     
  0.21150904266445053     
  0.21261229137835927     
  0.21378396445027656     
  0.21713595958846296     
  0.21782387238976270     
  0.21899453757459494     
  0.22021475394514517     
  0.22380719622488013     
  0.22546363370602543     
  0.22569468722766448     
  0.22645106294163903     
  0.22795642203978703     
  0.22870030777083075     
  0.22950829719890065     
  0.23125864343566793     
  0.23239862367661357     
  0.23369246575539779     
  0.23526401894697976     
  0.23561115213409270     
  0.23689188972946074     
  0.23785530104587160     
  0.24091995096723337     
  0.24188437570771354     
  0.24276259011051871     
  0.24287471506443595     
  0.24480638315885725     
  0.24515575583416338     
  0.24749994594212849     
  0.24885805319244034     
  0.24969985517573856     
  0.25086147134747649     
  0.25285266297951969     
  0.25537542272626146     
  0.25591936479239186     
  0.25785550180008376     
  0.25885080557246565     
  0.25990766737210208     
  0.26192238697051390     
  0.26395120848675230     
  0.26481937939848860     
  0.26648005701737787     
  0.26710674249224969     
  0.26821860575807671     
  0.26969503731764577     
  0.27029567155022188     
  0.27070955613228936     
  0.27288905096442179     
  0.27457637486643599     
  0.27465296111375903     
  0.27612589770774060     
  0.27800164776068914     
  0.27868653450647357     
  0.27978909220398546     
  0.28165351898396346     
  0.28429823983670627     
  0.28491302184187250     
  0.28726879207178291     
  0.28783604571143573     
  0.28914611354168590     
  0.29090387482368979     
  0.29157847325728203     
  0.29253682256844349     
  0.29426037464845484     
  0.29578105600507687     
  0.29737410445369433     
  0.29841946971864036     
  0.30131545404807825     
  0.30190413989718368     
  0.30362443876237027     
  0.30561331320945406     
  0.30664166755258376     
  0.30848311007416634     
  0.31020896183068353     
  0.31354113415425672     
  0.31437386393891847     
  0.31525200491346123     
  0.31674597187882297     
  0.31682592732119735     
  0.31862919852283894     
  0.32112700494419560     
  0.32285993808086355     
  0.32446212066707758     
  0.32645731833850211     
  0.32747539442149942     
  0.32895008013631533     
  0.33198847280034610     
  0.33365240846480171     
  0.33548677116713321     
  0.33815887767064268     
  0.33909163543413096     
  0.34112182844198435     
  0.34187258125138881     
  0.34558362238627272     
  0.34654981289799713     
  0.34777301304375957     
  0.35065125501364386     
  0.35314698034081748     
  0.35597969217269615     
  0.36108420894804627     
  0.36556273557926117     
  0.36803386721698406     
  0.36836494295074229     
  0.37384919642422304     
  0.37477322022273135     
  0.37657878181168547     
  0.37845759210188262     
  0.38369395413313262     
  0.38550024351147605     
  0.38991682625166674     
  0.39346460196849892     
  0.39864375076184011     
  0.40080564787997636     
  0.40362766325315491     
  0.41004882423767708     
  0.41064809178072026     
  0.41361592648642220     
  0.41660941527496809     
  0.42290101584930795     
  0.42811104348808582     
  0.43066945134626650     
  0.43617833497734970     
  0.43804494163426483     
  0.43934273240060601     
  0.44223345505297867     
  0.44872843880356789     
  0.44960192180546432     
  0.45234548431593641     
  0.45395698267642454     
  0.46257526986174918     
  0.46671899679288270     
  0.46983503119213416     
  0.47744205863515277     
  0.48141502047555540     
  0.48697504397725200     
  0.48936804499961473     
  0.49478564141414272     
  0.50110054142403737     
  0.50277829626823423     
  0.50478141934721776     
  0.50742530279457232     
  0.51817621425357252     
  0.52629917164537032     
  0.53011872830185647     
  0.53670389649450556     
  0.53842596948881116     
  0.54071041619164684     
  0.54612527273369871     
  0.55756742589471320     
  0.56039177051701139     
  0.56195858022763001     
  0.57083701734961767     
  0.57632990866452150     
  0.57677156633452242     
  0.58154846248233216     
  0.59388119226166636     
  0.59659898051102367     
  0.60653806211765471     
  0.61422797602406420     
  0.61509562714396260     
  0.62956758230496657     
  0.63949192539772504     
  0.65238144575841905     
  0.65718456867057118     
  0.67340479416456045     
  0.69277938036672504     
  0.69620346703374014     
  0.70351706056986330     
  0.71425733440155947     
  0.72103795164342788     
  0.73816739769955975     
  0.75874521610001333     
  0.76118727911688588     
  0.77822581571398375     
  0.81984649844954849     
  0.84109583756708217     
  0.84277555490743750     
  0.85469020629372427     
  0.89229266060001200     
  0.89986853784061782     
  0.90820213535358219     
   1.0711420460414047     
   1.2460077139104251     
   1.2885915101293248     
   1.3076257490968368     
   1.3111716714040746     
   1.3303992488366985     
   1.3467823597335971     
   1.4684905819889118     
   1.5620954808045995     
   1.5749721531373662     
   1.6702545449449138     
   1.8436139930521842     
   1.8588272682628786     
   1.9010724272339448     
   1.9075084384600833     
   1.9327406339635387     
   2.0008878850394685     
   2.0369462828965159     
   2.0403563190172869     
   2.0811072405795965     
   2.0879116848217816     
   2.0895430121458816     
   2.0969211969606629     
   2.0975241041790644     
   2.1073524675263622     
   2.1129236857194669     
   2.1235658801926434     
   2.1316509602043561     
   2.1360387277108441     
   2.1467655093085187     
   2.1534495236326134     
   2.1545443988131896     
   2.1614919022357868     
   2.1690948481599577     
   2.1786604382503008     
   2.1862144577255953     
   2.1872497243287214     
   2.1883532091141471     
   2.1977977695473028     
   2.2015247775534283     
   2.2047945717166666     
   2.2071313524940770     
   2.2113498300638983     
   2.2130546810343112     
   2.2152546384585348     
   2.2171320190888824     
   2.2197334144680796     
   2.2237038500176132     
   2.2260658074837916     
   2.2277189373421504     
   2.2279228409775347     
   2.2356170729537137     
   2.2425999785059512     
   2.2469471687197093     
   2.2485959649859062     
   2.2494862029222795     
   2.2620245108934456     
   2.2653142752313395     
   2.2706014125339760     
   2.2729255895341951     
   2.2736422788538637     
   2.2750116593671255     
   2.2761662367596371     
   2.2792111390289129     
   2.2846865800326861     
   2.2869409776158114     
   2.2873860299903424     
   2.2954430316632295     
   2.2962315423972464     
   2.2979229597243047     
   2.3016933781890283     
   2.3024978059600207     
   2.3060018761155034     
   2.3113086450467963     
   2.3163265039007048     
   2.3193978341822876     
   2.3215509975562134     
   2.3288279208402893     
   2.3308066393406639     
   2.3318781038770964     
   2.3358939842410731     
   2.3415125834954154     
   2.3428383121017551     
   2.3478203712715753     
   2.3530296582330621     
   2.3561730598975310     
   2.3630867953298771     
   2.3658467816134476     
   2.3695972733316562     
   2.3736759284918501     
   2.3780018694473823     
   2.3883650512148717     
   2.3902556987045709     
   2.3912813502837733     
   2.3943665971095687     
   2.3985048293704430     
   2.4004592752262952     
   2.4050698513197069     
   2.4214211386134132     
   2.4243648606643728     
   2.4288249972816125     
   2.4348041021355682     
   2.4491524516140428     
   2.4518292665543293     
   2.4591833814141495     
   2.4605610127693458     
   2.4625492852443989     
   2.4689461372366162     
   2.4750253190744012     
   2.4869430106263239     
   2.4901243121362584     
   2.4914668765076020     
   2.5134034651458945     
   2.5148869200685438     
   2.5211532055522188     
   2.5245227148100011     
   2.5495476035589162     
   2.5676538869435688     
   2.6321569321041576     
   2.7114301458745835     
   2.8043019054998997     
   2.9633445432570138     
   2.9791703203079813     
   3.0290299139838925     
   3.0304497106186536     
   3.0314995592225249     
   3.0641576394376289     
   3.1536399445224599     
   3.2058553697459784     
   3.4332763518213532     
