 beta=   5.4886915986741673     
  -2.2451227808241510E-015
  -5.0012189909274910E-016
   4.6212917654546650E-016
   1.2664418021287033E-015
   1.4994243694276400E-015
   2.9293979163799238E-015
   4.3251217016612498E-002
   4.9695794730914358E-002
   5.9577379254026758E-002
   6.3400955164019279E-002
   7.0511608825098215E-002
   7.7552028380952140E-002
   8.2719743225989198E-002
   8.4789899648777242E-002
   9.0556303088058079E-002
   9.4146382771650258E-002
   9.7575713492314531E-002
  0.10649324415784284     
  0.10915695456062083     
  0.11138143139064698     
  0.11354157916489120     
  0.11684418394150484     
  0.11786161691490364     
  0.12322152447278900     
  0.12635632989016535     
  0.12835362429106620     
  0.13079714843667209     
  0.13217874976796012     
  0.13519885860179867     
  0.14041064097245601     
  0.14110388400039298     
  0.14218190990951365     
  0.14273202103551455     
  0.14825161818086222     
  0.15180756313568722     
  0.15511045894828746     
  0.15664408803719301     
  0.15702011150733550     
  0.15948291853214100     
  0.16418956684646974     
  0.16803798416092758     
  0.17097305214479652     
  0.17238943220826713     
  0.17316901357361547     
  0.17591061594787943     
  0.17781280960323226     
  0.17927049839637954     
  0.18029247369741278     
  0.18563016362827142     
  0.18810239507824872     
  0.19000396629033586     
  0.19091899126297870     
  0.19491839040986175     
  0.19577239377575817     
  0.20172398397355515     
  0.20248490470637612     
  0.20409362638636414     
  0.20685176649529555     
  0.20872485894315215     
  0.21167164939205863     
  0.21321231532619844     
  0.21494521375022660     
  0.21537623394739966     
  0.21866837519258989     
  0.22083452650937427     
  0.22474345543076202     
  0.22676219455382188     
  0.22808766766845540     
  0.22891411447294516     
  0.23052323457473345     
  0.23393996479012932     
  0.23690007752274686     
  0.23706928336329261     
  0.24010068841873039     
  0.24463880328148005     
  0.24524920185882379     
  0.24731355480159023     
  0.24904696757102193     
  0.25161506466735817     
  0.25454846396547942     
  0.25732542221594396     
  0.25888907406846562     
  0.26008877952008685     
  0.26080660258757038     
  0.26238797450104756     
  0.26469715094518420     
  0.26531810641509218     
  0.26721577007384928     
  0.26998239587207973     
  0.27297534198990009     
  0.27497966721859873     
  0.27748838834949702     
  0.27901213783107015     
  0.28384784602059443     
  0.28647090384307350     
  0.29014807004712423     
  0.29275670934917419     
  0.29401608880188579     
  0.29451948245549248     
  0.29598251508176054     
  0.29818161591147030     
  0.29980702110951857     
  0.30183603835234440     
  0.30232864537486104     
  0.30293451970480417     
  0.30442372166468368     
  0.30539887940181032     
  0.30649557072925360     
  0.30892153218279150     
  0.30956268184317154     
  0.31039461275895269     
  0.31174420820962512     
  0.31495888743383843     
  0.31696846685770214     
  0.31719730038540739     
  0.31946288703812564     
  0.32179649752200595     
  0.32222130814953426     
  0.32463072465438358     
  0.32588478746382160     
  0.32875316053259768     
  0.33149088006703376     
  0.33207169907665990     
  0.33709819934585583     
  0.33849606574151969     
  0.34067061423981387     
  0.34142484517310590     
  0.34443405768225160     
  0.34790621082418977     
  0.35013466836918661     
  0.35209115561968135     
  0.35375665689090213     
  0.35552634699289754     
  0.35824153709182122     
  0.35865785096352715     
  0.36169987359821743     
  0.36250561976216633     
  0.36525047715667902     
  0.36650995562991617     
  0.36832731441035566     
  0.36973074465112432     
  0.37135203578057407     
  0.37592228206425304     
  0.37819126577210904     
  0.37910103376621285     
  0.37930383974935294     
  0.38163577969428475     
  0.38309400906073310     
  0.38400906755864939     
  0.38530622204307025     
  0.38696220704622658     
  0.38897822922559844     
  0.39037333544519087     
  0.39186011231443485     
  0.39342207569665305     
  0.39514035266497388     
  0.39619359878445548     
  0.39771224758438056     
  0.40036222148585721     
  0.40430716480219181     
  0.40527581545692426     
  0.40717920114156003     
  0.40804352709521724     
  0.40876527143506847     
  0.41105497817952869     
  0.41302796062284902     
  0.41358624015367274     
  0.41492872339894993     
  0.41626928242686567     
  0.41787848242380904     
  0.41859098359466812     
  0.42088522460134520     
  0.42366496245264551     
  0.42650252195916327     
  0.42807014638358681     
  0.42892286436803073     
  0.43273925275818037     
  0.43718839675640581     
  0.43944837383375490     
  0.44081829808238526     
  0.44288343639127858     
  0.44602731673087459     
  0.44947614013871218     
  0.44953433691616890     
  0.45341546053209908     
  0.45493196283594373     
  0.45974265327748981     
  0.46319332062474877     
  0.46644730717082855     
  0.46986149464012877     
  0.47479553310032768     
  0.48066821677302801     
  0.48122378922684306     
  0.48695453342187595     
  0.48929409965762199     
  0.49362053984722865     
  0.49531792352230902     
  0.49692606698313302     
  0.50386304048777075     
  0.50765995990982171     
  0.51029385976696584     
  0.51357989997820730     
  0.51935420842143998     
  0.52060262891218112     
  0.53025989462161760     
  0.53069268745357889     
  0.53564602528403082     
  0.54087416725856641     
  0.54440656362846429     
  0.54873776336900659     
  0.55158158909420396     
  0.55783149188970016     
  0.56495113950932430     
  0.56972253662085792     
  0.57590670787216081     
  0.57809324481792035     
  0.58103066984049856     
  0.58559390979966153     
  0.58648013362642482     
  0.58960334012954874     
  0.59192039265121676     
  0.60479289503593447     
  0.61269738354088776     
  0.61480346674732378     
  0.61869815685987772     
  0.62471927079400980     
  0.62926152678864067     
  0.63392818015530161     
  0.63921600631255282     
  0.64179645217327463     
  0.65142688201944554     
  0.65510786932906973     
  0.66505288455900813     
  0.67212162255764407     
  0.68122983557405126     
  0.68894682401384455     
  0.69926487752638189     
  0.70483953250490616     
  0.70850482547148641     
  0.72143645688209146     
  0.72822863866957721     
  0.73676152556969476     
  0.74007274504743115     
  0.77184473728903724     
  0.77612212733291142     
  0.79661798528563998     
  0.79757694580048732     
  0.81228799768803106     
  0.81965128985604574     
  0.83329389975820678     
  0.84561132551460683     
  0.84861482504943797     
  0.86098894965854766     
  0.90198070110562312     
  0.92442816973357755     
  0.92997144990240976     
  0.93072965433416899     
  0.97881439037523377     
  0.99120482844207203     
  0.99714534660483778     
   1.1326224705207399     
   1.3063292980750409     
   1.3523868520452951     
   1.3547948400264336     
   1.3797357664374745     
   1.3832847666461510     
   1.4358887410452594     
   1.5303550653602778     
   1.6329515353226640     
   1.6482331146955773     
   1.7241415605190427     
   1.9100785316081406     
   1.9543949469287816     
   1.9557318545824203     
   1.9659980184593406     
   1.9794111972177821     
   2.0444082027710904     
   2.0584924003299174     
   2.0724664592497279     
   2.1055067096528064     
   2.1086894076597757     
   2.1230913994708467     
   2.1353414768101353     
   2.1415891570012620     
   2.1457487942516407     
   2.1588862874533161     
   2.1595570428970290     
   2.1605466519006060     
   2.1736635590294062     
   2.1839465826811186     
   2.2032923585664563     
   2.2153303839584910     
   2.2167448796136142     
   2.2188901548925171     
   2.2225033436407009     
   2.2246919110168517     
   2.2300391516543612     
   2.2398992080795761     
   2.2458711003560539     
   2.2468097679185215     
   2.2497011626530048     
   2.2506415015426158     
   2.2518649331192098     
   2.2605016937186626     
   2.2628916067528477     
   2.2689550087892849     
   2.2739957953340602     
   2.2784802789108256     
   2.2803534813448416     
   2.2837568964724739     
   2.2849203290355655     
   2.2893245919964622     
   2.2957989773309802     
   2.2971482426892447     
   2.3005969451780550     
   2.3018991764374275     
   2.3063520979661680     
   2.3094327401626473     
   2.3104586950800532     
   2.3162500472302532     
   2.3208591205451552     
   2.3230361736019551     
   2.3271782379900339     
   2.3369768196286378     
   2.3389106108394331     
   2.3434051829484894     
   2.3441940719034720     
   2.3453930405755989     
   2.3490170573744047     
   2.3513467609608898     
   2.3518916815553612     
   2.3632361816904672     
   2.3684024402087069     
   2.3742227895768107     
   2.3800581264031897     
   2.3867255026496261     
   2.3932367086527093     
   2.3981190636769094     
   2.4020471265214574     
   2.4021756489135044     
   2.4049975908609920     
   2.4072707435461722     
   2.4097075414463225     
   2.4111479777264262     
   2.4186470517383101     
   2.4194626156615833     
   2.4234424719064416     
   2.4262902135532403     
   2.4330499081090986     
   2.4354913971384318     
   2.4410814696639296     
   2.4440574533389730     
   2.4511892597999076     
   2.4529328930818632     
   2.4603932025092710     
   2.4634652397941186     
   2.4746327619098292     
   2.4837229703668786     
   2.4877616146397763     
   2.4906124714757092     
   2.4935441040677127     
   2.4999602724375989     
   2.5179171703911050     
   2.5247596094788594     
   2.5258811288845888     
   2.5274349337519464     
   2.5351820237638010     
   2.5379247631766146     
   2.5430061910561386     
   2.5533333346269913     
   2.5659470050986668     
   2.5698462668866049     
   2.5771122800350859     
   2.5817808515893153     
   2.5916187276142697     
   2.6157637375516298     
   2.6186921367868781     
   2.6410162967944077     
   2.7009191483065962     
   2.7535750936266625     
   2.8571332154206308     
   3.0262593141239034     
   3.0554978159914770     
   3.0709725697306798     
   3.0758098003795658     
   3.1148446299212460     
   3.1327540467212360     
   3.2216786094887220     
   3.3007538091585760     
   3.4705870185105794     
