 beta=   6.0418650843692578     
  -3.7091871460176388E-015
  -3.4221308106528847E-015
  -3.3867363527810760E-015
  -2.9220129960474130E-015
  -1.7066537394085811E-015
  -1.4726366538503277E-015
   5.3291188162771230E-002
   5.9307323544281539E-002
   6.8780222388375667E-002
   7.7382385440030385E-002
   8.1704285961106585E-002
   9.1367916237740640E-002
   9.4115435509712089E-002
   9.6949985858659299E-002
  0.10519108815554165     
  0.10860027957545894     
  0.11049840970400419     
  0.11781733849143967     
  0.12025273113500835     
  0.12243981852822687     
  0.12501574434204205     
  0.12994561570051880     
  0.13331479968044188     
  0.13678280728359157     
  0.14061716017524845     
  0.14291932190748169     
  0.14585727146701485     
  0.14816427940656487     
  0.15173864790682229     
  0.15351996982709196     
  0.15662310280160255     
  0.15911649606697403     
  0.15983906485607990     
  0.16221188598701003     
  0.16406227712114690     
  0.16682152458841321     
  0.16896853913983037     
  0.17206078310524489     
  0.17696875306836507     
  0.17748324091553758     
  0.17990450519781642     
  0.18455417412180550     
  0.18653364385543164     
  0.18779651983098281     
  0.18904239479929305     
  0.19410038313970521     
  0.19746901977858969     
  0.20284603588391747     
  0.20409920985488791     
  0.20814117618230576     
  0.20850075303589286     
  0.21137200771755019     
  0.21513081533453157     
  0.21707555911998516     
  0.21825697791529539     
  0.22008069049832818     
  0.22165514348889404     
  0.22344989440378626     
  0.22369274618340940     
  0.22571886613448930     
  0.22923850311021082     
  0.22955797950246107     
  0.23513246570940916     
  0.23862694067583309     
  0.23891839465972009     
  0.24177417988923872     
  0.24532122088748931     
  0.24637875492756942     
  0.24856991971195797     
  0.25112917128343398     
  0.25168856295191422     
  0.25273276131307537     
  0.25502101961713397     
  0.25683150101105290     
  0.26021872507748578     
  0.26188129826199413     
  0.26474523572658004     
  0.26648101098324001     
  0.27022466822689045     
  0.27206624904267179     
  0.27414905706947074     
  0.27595771262893132     
  0.27743332166156198     
  0.28191161662388015     
  0.28245785612483415     
  0.28489913006548290     
  0.28651116208906613     
  0.28805975711007192     
  0.29119349211655904     
  0.29357804576808649     
  0.29829553450859775     
  0.29958969824198778     
  0.30408577078463794     
  0.30549154098358799     
  0.30706042611339657     
  0.31001885974901522     
  0.31391651743198462     
  0.31530446819257957     
  0.31729759112952766     
  0.31799701049401680     
  0.31955646459264059     
  0.31975038652532700     
  0.32350984010901823     
  0.32402566159457558     
  0.32473203654807103     
  0.32621022702144659     
  0.32713833634910572     
  0.32898899536939274     
  0.33049294946419017     
  0.33295063433692235     
  0.33563410986262637     
  0.33764494728921618     
  0.33881863362343917     
  0.33944358003174252     
  0.34326241372326227     
  0.34454924098788292     
  0.35009350027722774     
  0.35222978725664672     
  0.35441440328310714     
  0.35875765982531488     
  0.36113977903524208     
  0.36329043502856134     
  0.36685977622455257     
  0.36958468853147758     
  0.37020395507227827     
  0.37226837451496841     
  0.37951349570478088     
  0.38008597398613686     
  0.38300829512797863     
  0.38579135659910446     
  0.38706868958931506     
  0.38994696244654781     
  0.39221076804256927     
  0.39424350799290669     
  0.39940308327794921     
  0.40096903333026707     
  0.40441103727439298     
  0.40886094403644008     
  0.41023155055453181     
  0.41603283922058037     
  0.41726582483530583     
  0.42320774233907543     
  0.42540793619836598     
  0.42609959601114317     
  0.42787075283189868     
  0.43034436443603341     
  0.43055824921400099     
  0.43292017571041708     
  0.43336258199934963     
  0.43473692539443420     
  0.43592137714515033     
  0.43705734127286411     
  0.43831834637650696     
  0.44112987104827256     
  0.44232696313456171     
  0.44384670273608084     
  0.44477743119645485     
  0.44632127137669181     
  0.44895970552931963     
  0.44998804794291403     
  0.45180139480793580     
  0.45422718682232655     
  0.45554145186145190     
  0.45697419964303321     
  0.45981908270447941     
  0.46182895333076085     
  0.46464573203829002     
  0.46872871370594676     
  0.47048263064193496     
  0.47190411594500847     
  0.47370945092730710     
  0.47448544825771993     
  0.47628644018111277     
  0.47850471063349054     
  0.48151991151691553     
  0.48401470380702877     
  0.48550622054931586     
  0.48605312100848608     
  0.48751685963590724     
  0.49037924982814091     
  0.49528290010504444     
  0.49975836516622124     
  0.50307486097148357     
  0.50458860899372726     
  0.50753052375340013     
  0.51001389171385558     
  0.51290094835049160     
  0.51348008540512968     
  0.51550974368486757     
  0.51751961948161918     
  0.51920589606950041     
  0.52590470603935846     
  0.52899707447511257     
  0.53215426864221393     
  0.53558707073819178     
  0.53735342273052678     
  0.53994981743049753     
  0.54205610599267118     
  0.54548350778185339     
  0.54867492791840577     
  0.55282366473640232     
  0.55623340479509520     
  0.56856859194270126     
  0.57071263227531421     
  0.57194781627516111     
  0.57798875766048219     
  0.58823686103384054     
  0.59422886409490838     
  0.59569750278780631     
  0.60049598192185671     
  0.60811233280715127     
  0.61207210277938073     
  0.61665815721564410     
  0.62035334577830803     
  0.62178670206829678     
  0.62737259541682688     
  0.63256233274835649     
  0.63540923614603062     
  0.63673175077116240     
  0.63941111074867540     
  0.64192531647401319     
  0.65445667273053332     
  0.65530950002424160     
  0.66134482101887904     
  0.66365908525609685     
  0.66798081064933001     
  0.67406427338393704     
  0.67876577647333980     
  0.68696615923585325     
  0.69319958612597488     
  0.69936473923575815     
  0.70736810978757603     
  0.70892584136832604     
  0.71795403788379097     
  0.72726958377754869     
  0.74034549951431161     
  0.74456312948492931     
  0.74693175361982977     
  0.74982207525721178     
  0.75347178308395757     
  0.77248311439594541     
  0.77864009673885426     
  0.80338037469649370     
  0.81755440478738450     
  0.83239888514450389     
  0.84565500276472105     
  0.85466102058460902     
  0.86425092585359775     
  0.87082370628250616     
  0.88062184533246823     
  0.89374621680939570     
  0.89912790245452545     
  0.90894588364850448     
  0.94269597191942622     
  0.96661940978416283     
  0.97084378113368475     
  0.97372754176493648     
   1.0135286324349264     
   1.0254883470028870     
   1.0328012105533964     
   1.1699717849331346     
   1.3449098438753617     
   1.3847450035538320     
   1.3929426376163896     
   1.4171595976705034     
   1.4243232102457168     
   1.4720393361628172     
   1.5784827189680770     
   1.6709143883394635     
   1.6933529318597049     
   1.7560439706209401     
   1.9472904916814775     
   1.9858094339167283     
   1.9949731382327787     
   1.9999837685227120     
   2.0229942058374886     
   2.0632581576742908     
   2.0681533375688743     
   2.0965648437040563     
   2.1189103976402235     
   2.1269658307096684     
   2.1424383099729405     
   2.1478924872519940     
   2.1638074075971345     
   2.1683831541535921     
   2.1735598888181946     
   2.1748028405538014     
   2.1849110874813991     
   2.2054495614635936     
   2.2132233747808523     
   2.2215380051859746     
   2.2374903055032500     
   2.2431191859020871     
   2.2447970288700607     
   2.2475585697148452     
   2.2510216217839769     
   2.2572114307707865     
   2.2654277383266277     
   2.2676480862966328     
   2.2684701137123602     
   2.2699075049667297     
   2.2728672148575466     
   2.2740590578055238     
   2.2774720111209246     
   2.2817075304929872     
   2.2887199813423482     
   2.2995025233219533     
   2.3021375081052651     
   2.3031127263771207     
   2.3072506934090384     
   2.3101461294058327     
   2.3120876792844207     
   2.3125206493517543     
   2.3144025662383516     
   2.3223570898536652     
   2.3263490953714085     
   2.3418129744651819     
   2.3436854800002727     
   2.3464125326183027     
   2.3545748102719721     
   2.3556651355451099     
   2.3609201138738247     
   2.3627596012088974     
   2.3651511998382277     
   2.3677154225966630     
   2.3735333659138438     
   2.3783828754466363     
   2.3795949000161376     
   2.3803789507857229     
   2.3839670931645740     
   2.3943760039021074     
   2.4022884625048100     
   2.4032731909216527     
   2.4096209829663180     
   2.4129763453869124     
   2.4163602927284109     
   2.4199352120922883     
   2.4212717145572209     
   2.4218680023484738     
   2.4242890874467662     
   2.4333380281602524     
   2.4355508737746665     
   2.4456284798898391     
   2.4566540251387905     
   2.4577701737393798     
   2.4606223994135945     
   2.4651591532769017     
   2.4711143497020447     
   2.4721302187400851     
   2.4750541621434077     
   2.4857214748689889     
   2.4899006305783691     
   2.4924704421122543     
   2.4955118783326680     
   2.5047081153766646     
   2.5092205852955187     
   2.5141187518504187     
   2.5169433708887738     
   2.5287634468691134     
   2.5385190831712947     
   2.5427998671929077     
   2.5489676043251475     
   2.5564401480921575     
   2.5620728208403856     
   2.5668922957558640     
   2.5689077791344737     
   2.5756257297146128     
   2.5770197571465356     
   2.5872613479788513     
   2.5887866419099805     
   2.6082949511702496     
   2.6111337498738698     
   2.6127399608297854     
   2.6175169933361602     
   2.6268224501563537     
   2.6463591174414534     
   2.6821810931129897     
   2.6860789831915484     
   2.7472999593260354     
   2.7736889976381933     
   2.8933507741638089     
   3.0663425932851749     
   3.0761697142064848     
   3.1014779172494245     
   3.1124345237700957     
   3.1587939707855108     
   3.1772670895306518     
   3.2704281553550070     
   3.3484739466939852     
   3.4988290859596205     
