 beta=   3.9501983287433644     
  -2.1061019635948837E-016
  -1.0969057438332116E-016
   6.6512187921677936E-016
   7.2146685184435240E-016
   1.1391515130797734E-015
   1.1886206193391537E-015
   2.2435960144364313E-002
   2.6600291448137001E-002
   3.1577861088920869E-002
   3.6107612807219386E-002
   4.0669494849795582E-002
   4.2563988787586368E-002
   5.0441199051750381E-002
   5.9125009639934743E-002
   5.9531881635885554E-002
   6.2047136440038862E-002
   6.5326036873318491E-002
   7.0792132605887612E-002
   7.3222390534204831E-002
   7.3788216720961905E-002
   7.9497584066410998E-002
   8.2921515412706134E-002
   8.5960273001137372E-002
   8.8142493646289094E-002
   9.2036138744355747E-002
   9.2582769960908015E-002
   9.3898630971456509E-002
   9.4068944990658140E-002
   9.5796460607849826E-002
   9.9701546361326027E-002
  0.10130993182315159     
  0.10237807892328057     
  0.10454388004143329     
  0.10586062841222287     
  0.10842231125613902     
  0.11078898937416387     
  0.11374483233351301     
  0.11566627653584555     
  0.11940917765958747     
  0.12021732999749493     
  0.12062295030348437     
  0.12460973585574156     
  0.12574424000998424     
  0.12849939242776748     
  0.12961953247806776     
  0.13093648185582629     
  0.13224059658383289     
  0.13354244742103313     
  0.13667701708519686     
  0.13807565952652798     
  0.14004255730183715     
  0.14067896233191579     
  0.14351746415881558     
  0.14465674988134322     
  0.14768305192094711     
  0.14924821292890086     
  0.15163141142517209     
  0.15493290608917859     
  0.15665620794408644     
  0.15966256230927925     
  0.16051948030432020     
  0.16219533495126995     
  0.16373118847117027     
  0.16531543130834087     
  0.16629315986972829     
  0.16822741742599426     
  0.17088348264342734     
  0.17198173364152947     
  0.17365685403239367     
  0.17654313935979321     
  0.17723308798507287     
  0.17913426032411064     
  0.17963131722758252     
  0.18217366702817178     
  0.18354588030842092     
  0.18600353026140767     
  0.18723920053694368     
  0.18897641287249015     
  0.19049195667644267     
  0.19231357887579109     
  0.19302715471429463     
  0.19399184022597687     
  0.19648218703711928     
  0.19712754106008981     
  0.19756576172722271     
  0.19869166496187135     
  0.19977023535804414     
  0.20091298594896506     
  0.20139733383483979     
  0.20442843594029933     
  0.20672552555478391     
  0.20791724106762080     
  0.20832253102579176     
  0.21059063109436268     
  0.21132579405401580     
  0.21168413812018727     
  0.21360235337898126     
  0.21455423549142297     
  0.21660247009461991     
  0.21724515012897361     
  0.21757911136503841     
  0.21866330345044374     
  0.21891496364501364     
  0.21956860694177860     
  0.22039862807448693     
  0.22344197150386585     
  0.22423575276486923     
  0.22481929004410378     
  0.22624630842348170     
  0.22717442120614348     
  0.22836475519766763     
  0.23074426013020199     
  0.23122184289548883     
  0.23202029704113888     
  0.23296122492961080     
  0.23402341992664299     
  0.23472831524996016     
  0.23538482213012488     
  0.23630330332669885     
  0.23737238957059173     
  0.23848946123606835     
  0.24064089788143139     
  0.24185491382158858     
  0.24323444448396031     
  0.24434742027390899     
  0.24468283385711914     
  0.24585001262378384     
  0.24728262378473576     
  0.24873564179230578     
  0.25043932400196373     
  0.25097584665615075     
  0.25363317150016462     
  0.25461848720960073     
  0.25530154677479150     
  0.25707480255788956     
  0.25910070593295781     
  0.26020542942353375     
  0.26221013340584304     
  0.26342710274493963     
  0.26424419406323724     
  0.26556252328151209     
  0.26851329052879336     
  0.26983094967322879     
  0.27277766841396978     
  0.27343316814142304     
  0.27443675524907446     
  0.27511239904153345     
  0.27646853436343127     
  0.27770459315788054     
  0.27921997074936317     
  0.28091313392550588     
  0.28215353412401217     
  0.28475605071814386     
  0.28581470815380899     
  0.28629994669910669     
  0.28669707528920979     
  0.28882601575968114     
  0.29087547622457516     
  0.29275697761081038     
  0.29399500623095859     
  0.29734074788736164     
  0.29865644824802096     
  0.29960373224609443     
  0.30077297051769031     
  0.30274890935348536     
  0.30607130283949491     
  0.30718120557017692     
  0.30728862436853871     
  0.31049768333942152     
  0.31084720911437630     
  0.31372858995096459     
  0.31598174028905074     
  0.31778783483887973     
  0.32002995245575644     
  0.32234737895449195     
  0.32377456468525639     
  0.32799176583969225     
  0.32898977248993760     
  0.33149348452691513     
  0.33535855599865189     
  0.34000191186578682     
  0.34120211119594707     
  0.34452025546945336     
  0.34809851029562244     
  0.35016400002111869     
  0.35160285074923570     
  0.35807808098185195     
  0.35912762498780720     
  0.36344773290128818     
  0.36870459345718165     
  0.37311342760308197     
  0.37460859923001855     
  0.37666631975019838     
  0.37886693886670458     
  0.38107182760633662     
  0.38147877791256712     
  0.39067854190284640     
  0.39387218937658480     
  0.39661417529274812     
  0.40553417226853095     
  0.40842951502271491     
  0.40995905096454560     
  0.41121995752327045     
  0.41696862742440249     
  0.42003058123601805     
  0.42286320256262089     
  0.42456853759399671     
  0.42796670251789620     
  0.42960879475191449     
  0.43562703635821209     
  0.44329150924543981     
  0.44768924172795455     
  0.44980547497083218     
  0.45309731963535144     
  0.45803758365876462     
  0.46530961553875172     
  0.46849671699117656     
  0.47065011783606614     
  0.47844659070741263     
  0.48332192977538962     
  0.48938986956397323     
  0.49296934198213760     
  0.49884149045168180     
  0.50340902367708928     
  0.51066588955228853     
  0.51382438343440673     
  0.51673246686125496     
  0.52155487381379251     
  0.52830589985544385     
  0.53314326913954513     
  0.53808433167040559     
  0.54449539827101157     
  0.54573358981356357     
  0.55002093361705406     
  0.55158007201449322     
  0.56420359229897799     
  0.57284328768615911     
  0.57956494975286144     
  0.58227376951595378     
  0.59738464935551738     
  0.60353240699116473     
  0.61548801481340110     
  0.62695371386096077     
  0.64036531172563937     
  0.65994299676637336     
  0.66331117547884089     
  0.67954253033463929     
  0.68223832465416623     
  0.68667437932489617     
  0.70476417115918744     
  0.72722336343248006     
  0.73486113526203412     
  0.74391584485210960     
  0.78792009909635929     
  0.79820597870343790     
  0.80641435925258043     
  0.82249447647747398     
  0.85714225151921430     
  0.86087970325420760     
  0.87005677822097882     
   1.0436272195297025     
   1.2234077226520745     
   1.2664796097392346     
   1.2917573747414313     
   1.2971498484155985     
   1.3113226397297486     
   1.3167413141532534     
   1.4413554951113059     
   1.5424682649724197     
   1.5492549502446582     
   1.6559414845083253     
   1.8166448613644020     
   1.8367796535880097     
   1.8874107202269592     
   1.8915646338107071     
   1.9163475617666259     
   1.9867885201842459     
   2.0223334727294708     
   2.0328871121585936     
   2.0687144319645299     
   2.0771890389795189     
   2.0812165352914453     
   2.0823555865225840     
   2.0856928500980469     
   2.0887926587241292     
   2.1036397030318095     
   2.1041124510147164     
   2.1227169275140216     
   2.1230859662518773     
   2.1313920041819769     
   2.1341924021571441     
   2.1403214287250374     
   2.1458901839883753     
   2.1511217450456046     
   2.1606087215234058     
   2.1616278549288568     
   2.1684388086031339     
   2.1689782017205985     
   2.1792834848178906     
   2.1830269325169804     
   2.1847867236466545     
   2.1861564372234481     
   2.1896487705337471     
   2.1901901229794563     
   2.1952223204556480     
   2.1971678013687774     
   2.1983851292032490     
   2.1999410797154169     
   2.2025401102162427     
   2.2066970360759357     
   2.2081583947046903     
   2.2124252074528008     
   2.2223498073892158     
   2.2252845620337118     
   2.2327306723299589     
   2.2342764585969195     
   2.2416566641556606     
   2.2465284062697997     
   2.2484735841485652     
   2.2492127238543400     
   2.2518351740971192     
   2.2563304989084085     
   2.2570155475003424     
   2.2603009417347439     
   2.2609735744269792     
   2.2642271311822051     
   2.2662610970697683     
   2.2701613394959468     
   2.2765281199128493     
   2.2785632944720922     
   2.2810314102803861     
   2.2834012767696743     
   2.2859947592373482     
   2.2870822220811009     
   2.2923271944398071     
   2.2972330256531963     
   2.3003131380599262     
   2.3051520217478401     
   2.3082468788472443     
   2.3119142645468722     
   2.3124925888131154     
   2.3166974528498905     
   2.3191455268934087     
   2.3245892697625021     
   2.3252113133979915     
   2.3303734521087232     
   2.3346140654693324     
   2.3448697947832229     
   2.3485560263709035     
   2.3515487050732888     
   2.3530201583952648     
   2.3633141556439705     
   2.3665634141097307     
   2.3667158263124444     
   2.3748503641264356     
   2.3755450546685970     
   2.3774989142645766     
   2.3783661607045676     
   2.3892391609046895     
   2.4058278428527591     
   2.4107125528319155     
   2.4142835064024477     
   2.4177398007270501     
   2.4321208412967996     
   2.4322765862306217     
   2.4371045493792720     
   2.4372513267698883     
   2.4418020285166415     
   2.4465657013235655     
   2.4616039856066729     
   2.4679058488414145     
   2.4714318426497064     
   2.4835201583381195     
   2.4876432466982648     
   2.4953687496776165     
   2.5019360148385745     
   2.5179479586946307     
   2.5348623253819418     
   2.6117631348643204     
   2.6921892261189022     
   2.7880010934243256     
   2.9382497124558196     
   2.9578842813794242     
   3.0135935605933186     
   3.0153818160587695     
   3.0179734116817598     
   3.0437495930402751     
   3.1340591036981889     
   3.1717294025514899     
   3.4114685428875409     
