 beta=   5.7949820784388733     
  -9.4542430986576181E-016
  -7.8462323401600471E-016
  -5.7832294223991952E-016
   2.0329574005902933E-016
   3.7179648523003893E-016
   5.8815208243373018E-016
   4.8463628362504549E-002
   5.4895937572308325E-002
   6.4489359693185366E-002
   7.1425319526051481E-002
   7.7068731635360196E-002
   8.5758770437834697E-002
   8.7285925798115255E-002
   9.1070533827746741E-002
   9.8632822710093548E-002
  0.10317315159707548     
  0.10480001525792321     
  0.11349807618826803     
  0.11654752444323747     
  0.11774679188599316     
  0.12061418276725513     
  0.12450129702147800     
  0.12750622538904832     
  0.13025178553747546     
  0.13368819621199446     
  0.13597090169189172     
  0.13872592131152844     
  0.14155701632538925     
  0.14445033015688258     
  0.14709277934380338     
  0.14825844432070956     
  0.15163907116252226     
  0.15340444084411800     
  0.15725889561627454     
  0.15812773591884999     
  0.16227677871275895     
  0.16326978859929883     
  0.16470001920773078     
  0.16819579307796029     
  0.17045197928219402     
  0.17643145482474176     
  0.17849352043343703     
  0.18030922079973979     
  0.18203120870767228     
  0.18252411747786731     
  0.18608446024633912     
  0.19056654221871563     
  0.19227411270005434     
  0.19727055985397124     
  0.19948184797223842     
  0.20077397452704929     
  0.20117341662939858     
  0.20457551779549094     
  0.20797283022803836     
  0.21106653851206975     
  0.21318633681328145     
  0.21494682258232883     
  0.21673606914217386     
  0.21692049450947856     
  0.22067923225746855     
  0.22120213596812471     
  0.22283121596758412     
  0.22803782974326761     
  0.22908586241516729     
  0.23199711129625433     
  0.23530051163265620     
  0.23612769181515617     
  0.23625316017172637     
  0.23917779397804378     
  0.24401337972427858     
  0.24449381783845350     
  0.24643663843189623     
  0.24817174109535300     
  0.25012496047179616     
  0.25298356571010988     
  0.25474495687356713     
  0.25710307361585788     
  0.25974439356472040     
  0.26316059983357487     
  0.26455917782386645     
  0.26686929874611676     
  0.26824747447612918     
  0.26961935907463852     
  0.27162879586049715     
  0.27371441434026805     
  0.27486348801935279     
  0.27707114566697716     
  0.27922700990165755     
  0.28256775771076226     
  0.28657944504936583     
  0.28944224563017185     
  0.29071065500667870     
  0.29245293817882123     
  0.29356598954342045     
  0.29783368353616024     
  0.30169989887855170     
  0.30583143451912298     
  0.30779904734993319     
  0.30791381739082319     
  0.31076383764932808     
  0.31159025282345121     
  0.31223309360779783     
  0.31261916655256788     
  0.31521285838964014     
  0.31613201241132083     
  0.31724043591759338     
  0.31831004447927908     
  0.31896374380560188     
  0.32049697627663998     
  0.32148887567252171     
  0.32517124264530139     
  0.32778447257345722     
  0.32815208991788070     
  0.33128539763167181     
  0.33253482537009571     
  0.33403566856265804     
  0.33775973015784450     
  0.33946689874633251     
  0.34201231978882995     
  0.34382235305221470     
  0.34619182100745471     
  0.34783804403590918     
  0.35057065866860410     
  0.35277949403595021     
  0.35685438414335596     
  0.35838308404178326     
  0.36089352142181175     
  0.36384247112230711     
  0.36574401520549060     
  0.36938973207739217     
  0.37193605372315036     
  0.37518308351125285     
  0.37528877752759832     
  0.37709997831832781     
  0.38176915270052081     
  0.38484793743345641     
  0.38581887553125382     
  0.38846945610033623     
  0.39087274117989723     
  0.39648992380185571     
  0.39790877704723604     
  0.39818883374096808     
  0.40218976073640467     
  0.40278284915182183     
  0.40484051140159699     
  0.40604748151289921     
  0.40972543021242086     
  0.41109822338026930     
  0.41183017748297990     
  0.41398455237609461     
  0.41428006084369623     
  0.41561280626108749     
  0.41875251991539253     
  0.42123787481152475     
  0.42209533402727800     
  0.42483143680188895     
  0.42607604619975187     
  0.42673069846464406     
  0.42983589874119466     
  0.42994128911234825     
  0.43134576512384193     
  0.43200221920975607     
  0.43437211191263431     
  0.43509890616143970     
  0.43709746103003977     
  0.43771165642838455     
  0.43894660528418183     
  0.44069066591027783     
  0.44232564706875427     
  0.44532945467209378     
  0.44798124111507609     
  0.44999910347984151     
  0.45113358772218959     
  0.45413621727388187     
  0.45808199769716079     
  0.45871827228413198     
  0.46018940534877945     
  0.46109444962895357     
  0.46426232200684930     
  0.46584535455838794     
  0.46685943990398238     
  0.47002363711580802     
  0.47533971584961893     
  0.47745136900130869     
  0.48178774866605328     
  0.48371262565506379     
  0.48594289839185312     
  0.49003611456589130     
  0.49359934583396825     
  0.49488708755234301     
  0.49681556712149244     
  0.50245069385636731     
  0.50366773332234149     
  0.50484708294553693     
  0.50739591403475348     
  0.51630870339040136     
  0.51888531548176275     
  0.52120257767079181     
  0.52672847491007269     
  0.52815048594308645     
  0.53257047578545058     
  0.53523562718615514     
  0.54464587399319808     
  0.54646005608307313     
  0.55195807184456747     
  0.55508335861726599     
  0.56053757143749616     
  0.56403147973417289     
  0.57095766578878293     
  0.57471709217229927     
  0.57706295651617912     
  0.58833277746735069     
  0.59105939397924823     
  0.59274744434678905     
  0.59498502626142880     
  0.60004294694998139     
  0.60581940847370996     
  0.60721501837788316     
  0.61046743886885502     
  0.61238830420465218     
  0.61875609612438220     
  0.62939757464113277     
  0.63195107590574806     
  0.63645278793029569     
  0.64034505589244528     
  0.64420020506957965     
  0.65218150517122109     
  0.65633434312232430     
  0.66133160460953899     
  0.66402927469784656     
  0.67459940519821648     
  0.67966520100509697     
  0.69095826110859360     
  0.69550601700692383     
  0.70485266146301662     
  0.71361185446614483     
  0.72273256641379036     
  0.72641722832472855     
  0.73126109841108944     
  0.73631718311800298     
  0.74860642631578489     
  0.75476872363862257     
  0.77156113240068247     
  0.79365113446548585     
  0.80000809429114927     
  0.82182999288913849     
  0.82650871498413347     
  0.83977207104773643     
  0.84366737554285531     
  0.86060584770132187     
  0.86923916100942655     
  0.87375332780669257     
  0.88464747105821095     
  0.92389280019006670     
  0.94505904757158032     
  0.95171242887947194     
  0.95222852164890703     
  0.99836944033990604     
   1.0090223008587831     
   1.0154044805841504     
   1.1539524381803981     
   1.3289927632390066     
   1.3685053960376812     
   1.3775917147565309     
   1.3963142175801269     
   1.4061431012869829     
   1.4557583650772166     
   1.5546611543501050     
   1.6524180130714015     
   1.6799340793203046     
   1.7391598100983445     
   1.9305818699511210     
   1.9720590751836269     
   1.9832271286471257     
   1.9882683681077451     
   1.9928654700022570     
   2.0558651215059207     
   2.0632588154069023     
   2.0850578281752545     
   2.1122877986082882     
   2.1188152725715237     
   2.1331280974776647     
   2.1412571419068178     
   2.1541280043911319     
   2.1571631478948872     
   2.1685834957380274     
   2.1694989445241895     
   2.1737861278041724     
   2.1966798896361674     
   2.1967695718469060     
   2.2127078704908349     
   2.2273405430958464     
   2.2330010779665979     
   2.2350597953898217     
   2.2388313466600911     
   2.2393894467151085     
   2.2402991294587418     
   2.2540661026501922     
   2.2563323455236017     
   2.2577806647582142     
   2.2598201304147878     
   2.2613647041670455     
   2.2628155042275919     
   2.2684482374878985     
   2.2714688695918119     
   2.2784796443619721     
   2.2876737646896586     
   2.2909046781917359     
   2.2935365376353309     
   2.2966695438013653     
   2.2989637712416520     
   2.2995930588618094     
   2.3065965817116196     
   2.3076411058572726     
   2.3155638697756387     
   2.3166540326346379     
   2.3262220262060347     
   2.3280342249640866     
   2.3332827830943468     
   2.3357247065235622     
   2.3364518472353737     
   2.3398770464619223     
   2.3427383595408990     
   2.3496942138023051     
   2.3543922137080027     
   2.3557476105330086     
   2.3604195531371697     
   2.3633138876789936     
   2.3674037040909925     
   2.3692625598302852     
   2.3748949041382521     
   2.3834604673922435     
   2.3840025722050524     
   2.3951508149490288     
   2.3976061287641155     
   2.4026818108234180     
   2.4050010757577969     
   2.4101654781803306     
   2.4124913134428834     
   2.4174907068838136     
   2.4204272184000808     
   2.4230185941655460     
   2.4255217843104711     
   2.4320764584874874     
   2.4400922051214855     
   2.4462323735323386     
   2.4480172136319776     
   2.4491327800172211     
   2.4545317238169551     
   2.4563133969943456     
   2.4575190673518730     
   2.4632279614166461     
   2.4721229529233200     
   2.4734862332204832     
   2.4866492549119248     
   2.4911137023352321     
   2.4922310486967869     
   2.4992410486111796     
   2.5094255554719100     
   2.5162914753179311     
   2.5253091352678148     
   2.5282804517105277     
   2.5335281735164750     
   2.5439597100417628     
   2.5487786899360829     
   2.5517124692426232     
   2.5569045765514908     
   2.5611439000301441     
   2.5643736226980276     
   2.5713857660294734     
   2.5919089763138441     
   2.5931285627033609     
   2.5964409626384075     
   2.6008970653178762     
   2.6107578668183673     
   2.6324629182418704     
   2.6496987194552308     
   2.6672451437836857     
   2.7241418949721909     
   2.7666074892498949     
   2.8759552302338602     
   3.0533883011862568     
   3.0643884305300402     
   3.0894627719857524     
   3.0945301565705101     
   3.1311304662460304     
   3.1612255245052769     
   3.2520502797141693     
   3.3335187134918054     
   3.4829909067186926     
