 beta=   5.1804459853935576     
  -2.9633580846274621E-015
  -1.4916328459330854E-015
  -1.2057438689062614E-015
  -1.9638525399294228E-016
   9.2261032338365685E-017
   1.4122522207336282E-015
   3.8681576147534313E-002
   4.2871944650024384E-002
   5.4506667450137311E-002
   5.6764242863340024E-002
   6.3995594578554749E-002
   7.3196259739369066E-002
   7.6278098690755178E-002
   7.9502555442740000E-002
   8.4399358663884996E-002
   8.7076184672607040E-002
   9.0839572385164782E-002
  0.10056015744167031     
  0.10098093449560175     
  0.10547518994889597     
  0.10620951691771309     
  0.10904092048272013     
  0.11304042136916143     
  0.11555581514083219     
  0.11760659387617871     
  0.11789149909068679     
  0.12053065984930758     
  0.12510961782835606     
  0.12645171191841983     
  0.12926029183892526     
  0.13214286752231733     
  0.13384685926905571     
  0.13543537411610795     
  0.14004932411245669     
  0.14420176560092382     
  0.14641998632964839     
  0.14806574849689805     
  0.14888243725654457     
  0.15046006067664872     
  0.15450848066836637     
  0.15743365827424852     
  0.15797576090678964     
  0.16321959471783076     
  0.16419766633422506     
  0.16636603686113943     
  0.16795657183534282     
  0.16989177839030525     
  0.17229369559053914     
  0.17327825001191680     
  0.17583348536454843     
  0.17860091591136926     
  0.18144636443491063     
  0.18632636843794695     
  0.18759241868367407     
  0.18886450420930434     
  0.19058689966711295     
  0.19306137149729058     
  0.19526258842899591     
  0.20134606170933311     
  0.20149366782299910     
  0.20381123070859156     
  0.20551607222843013     
  0.20887520132297860     
  0.20993683182923398     
  0.21150979606900835     
  0.21245031097466446     
  0.21779151500662317     
  0.21837053236774151     
  0.21877491631641693     
  0.22112393268524258     
  0.22394838212541862     
  0.22680238090553118     
  0.22893014919849985     
  0.23180020957500738     
  0.23217884272349343     
  0.23673581521370959     
  0.23834065209639924     
  0.23905768373496045     
  0.24186170515795616     
  0.24383571798414416     
  0.24572153963163304     
  0.24633232685094064     
  0.24859658412442404     
  0.24913197758743838     
  0.25114470743819767     
  0.25353885766485812     
  0.25622511766907013     
  0.25842562978660283     
  0.25915044943455301     
  0.26207578076167698     
  0.26362609840005563     
  0.26431508383413277     
  0.26765295824162055     
  0.26871677742723427     
  0.27120165068470165     
  0.27277700222332713     
  0.27480553852600331     
  0.27708009412003454     
  0.27823099136659724     
  0.28045830853919740     
  0.28299826506802417     
  0.28398602115201954     
  0.28637729977237270     
  0.28748448348174210     
  0.28842165405887971     
  0.28892484309605276     
  0.29170885013585290     
  0.29241190237886716     
  0.29437952288125624     
  0.29456832747975359     
  0.29564678873070144     
  0.29691732505701951     
  0.29925518472916385     
  0.30146617327734493     
  0.30205015446621225     
  0.30286644011043434     
  0.30376419132695320     
  0.30448429189814802     
  0.30652255348321084     
  0.30859891328827094     
  0.30986683636602519     
  0.31303859715862087     
  0.31477946979049060     
  0.31607641152978655     
  0.31695843764810100     
  0.32031525270111866     
  0.32322820578950207     
  0.32653541017427123     
  0.32670337345161593     
  0.32856701733127436     
  0.32936554191437628     
  0.33267087166174231     
  0.33324856223536498     
  0.33417479796997890     
  0.33683125287861759     
  0.33826261713736794     
  0.33985769567627183     
  0.34135732784809941     
  0.34222428628939500     
  0.34362092415344736     
  0.34509685669964091     
  0.34585029219581381     
  0.34823839418102714     
  0.34941779260108841     
  0.35021683257687330     
  0.35229725116319777     
  0.35471118729976298     
  0.35707720466636839     
  0.35843814155811449     
  0.36094732087382786     
  0.36259615519021604     
  0.36536232373913297     
  0.36668867260098226     
  0.36724088474674527     
  0.36960722894448628     
  0.37041369573452904     
  0.37309494720566772     
  0.37390692286907273     
  0.37671631735286076     
  0.37857116204124158     
  0.37911092587122425     
  0.38076354367138704     
  0.38172232036438725     
  0.38289958914535732     
  0.38485658141559870     
  0.38644177249461659     
  0.39060691858264424     
  0.39229337628011818     
  0.39311052904225463     
  0.39518794027156073     
  0.39680187931655397     
  0.39932754615459476     
  0.40326282230987087     
  0.40413053546076422     
  0.40644167625065541     
  0.40882839729029763     
  0.41154465173567745     
  0.41411652622614264     
  0.41686523321368468     
  0.41755965963169844     
  0.42052264917436261     
  0.42369170542433909     
  0.42745061579951849     
  0.43074585740574134     
  0.43321477978600770     
  0.43637036940333596     
  0.43838431322341331     
  0.44255647025860451     
  0.44405399533524492     
  0.44817902604895338     
  0.45252758622341371     
  0.45677897096024250     
  0.45817470160156398     
  0.46534776932126920     
  0.46884370600446118     
  0.47214962705082525     
  0.47426031667163887     
  0.47600967594113242     
  0.47979369753173789     
  0.48539434097938006     
  0.48913602131394973     
  0.49125528195985657     
  0.49155002086771454     
  0.50002274292344817     
  0.50579535729721170     
  0.50788201468237015     
  0.51189016067551862     
  0.51723244746248087     
  0.51979014314251692     
  0.52810812818219888     
  0.52844183930044841     
  0.53863026797277502     
  0.54214433418839214     
  0.54650012026706862     
  0.55333341839242745     
  0.55802253449626948     
  0.55994554165942911     
  0.56368894564985728     
  0.56884572691288249     
  0.56931612022377054     
  0.57453678454332180     
  0.57858112402538997     
  0.58764870015682846     
  0.59179797082537666     
  0.59562192871338027     
  0.59706234734565622     
  0.60760943536953271     
  0.61272830442943726     
  0.61615810436841634     
  0.61821665631421630     
  0.62686743370481512     
  0.62996118087293451     
  0.63976406856933821     
  0.64525260194194456     
  0.65296373996009549     
  0.65916588951418864     
  0.68043126087342409     
  0.68318659443792562     
  0.68475534698823015     
  0.69773255311661408     
  0.70422434971179382     
  0.71137537052108168     
  0.71245263537126924     
  0.74424629950659071     
  0.74878202413294548     
  0.76706289296606900     
  0.77657768191065657     
  0.77892051679727525     
  0.78858827713873259     
  0.80501517591467042     
  0.81752510529170097     
  0.82993091428379595     
  0.83753131787562840     
  0.88496868196209422     
  0.90217553889071700     
  0.90396725901775410     
  0.90879029681512602     
  0.96127504862586877     
  0.96187647842811341     
  0.97676448301355800     
   1.1118265142190153     
   1.2820760850703488     
   1.3374402855454719     
   1.3399605043274305     
   1.3579665164775081     
   1.3652005797018674     
   1.4068636182657659     
   1.5150719800370982     
   1.6110128731526396     
   1.6327138798371839     
   1.7098428997655775     
   1.8867058581968585     
   1.9289688856589795     
   1.9408930319150868     
   1.9479688400734516     
   1.9672213311455009     
   2.0283597020191362     
   2.0538071005285046     
   2.0580894243023944     
   2.1025183752455034     
   2.1026828238091304     
   2.1146561862332711     
   2.1265862525509740     
   2.1282948593629425     
   2.1321607879816526     
   2.1468346373326068     
   2.1513591508575889     
   2.1533210664858426     
   2.1567615062664069     
   2.1754265832999495     
   2.1916191198236996     
   2.1977985734909886     
   2.2001763667766108     
   2.2047313737409544     
   2.2096183509519873     
   2.2140666884039022     
   2.2174366694880145     
   2.2232462186957278     
   2.2337121931786292     
   2.2371934891637402     
   2.2385207179679822     
   2.2396316559318366     
   2.2413118905571086     
   2.2444714882522008     
   2.2523266223837584     
   2.2569719593651678     
   2.2612603844043582     
   2.2618849758614528     
   2.2683093339261493     
   2.2698505090852499     
   2.2713125406692440     
   2.2731620267895352     
   2.2751366458889954     
   2.2789148464788744     
   2.2877216083385461     
   2.2894264552921535     
   2.2907274764449488     
   2.2961963102705782     
   2.2978473972759135     
   2.2999029609680162     
   2.3034806282931548     
   2.3089319596065359     
   2.3200049622681100     
   2.3216633717835000     
   2.3233532813900268     
   2.3250803802380147     
   2.3280015945639629     
   2.3294256029930600     
   2.3304494807315645     
   2.3345440200288259     
   2.3408789661730363     
   2.3480942109551770     
   2.3511370626704351     
   2.3588695007546709     
   2.3629800215527808     
   2.3691996756758726     
   2.3755753124237309     
   2.3786208425260740     
   2.3819364740174582     
   2.3849319430439624     
   2.3865320367019427     
   2.3903409248474863     
   2.3930681558732667     
   2.3965466733857754     
   2.4005104951071847     
   2.4021778636718829     
   2.4037989226297793     
   2.4048272981841263     
   2.4125773252024509     
   2.4164829767784979     
   2.4218239191553605     
   2.4296479061796235     
   2.4321082576000386     
   2.4331040597593590     
   2.4362711044419521     
   2.4466571835488509     
   2.4577123935225629     
   2.4603083252122988     
   2.4668883830528183     
   2.4716295333737857     
   2.4761906556451443     
   2.4777844531117568     
   2.4964074945237358     
   2.4979997126922968     
   2.5066225555597654     
   2.5107847095169156     
   2.5117883534916396     
   2.5136693665704919     
   2.5169524401317407     
   2.5347580455131640     
   2.5433971820704153     
   2.5519250911763138     
   2.5600191587993106     
   2.5639718175464363     
   2.5667728549985940     
   2.5830002713516649     
   2.5993987366528839     
   2.6196343714857626     
   2.6815343390224102     
   2.7401420258717089     
   2.8393305462088714     
   3.0113099542479405     
   3.0477314326606297     
   3.0526713164418577     
   3.0635723292677084     
   3.0953951236797810     
   3.1153482604521456     
   3.2025070793189081     
   3.2661296308931087     
   3.4513215699784348     
