  67.908 -19.882  17.674  1.00 
  68.268 -17.366  14.833  1.00 
  70.948 -19.495  13.199  1.00 
  68.702 -22.516  13.637  1.00 
  66.112 -20.510  11.680  1.00 
  68.713 -19.395   9.100  1.00 
  69.738 -23.029   8.690  1.00 
  66.109 -24.122   8.388  1.00 
  65.200 -21.480   5.769  1.00 
  68.268 -22.407   3.746  1.00 
  67.610 -26.150   3.807  1.00 
  63.996 -25.558   2.727  1.00 
  65.050 -23.483  -0.317  1.00 
  67.411 -26.298  -1.233  1.00 
  64.642 -28.936  -1.204  1.00 
  62.214 -26.653  -3.081  1.00 
  64.910 -26.117  -5.721  1.00 
  65.705 -29.786  -5.865  1.00 
  61.991 -30.437  -6.532  1.00 
  61.832 -27.816  -9.319  1.00 
  64.808 -29.359 -11.028  1.00 
  62.976 -32.691 -10.984  1.00 
  50.067 -27.949 -10.028  1.00 
  51.306 -24.434  -9.167  1.00 
  48.924 -23.963  -6.294  1.00 
  48.202 -27.555  -5.276  1.00 
  47.598 -27.542  -1.499  1.00 
  50.051 -29.483   0.646  1.00 
  48.837 -32.239   2.988  1.00 
  47.478 -30.083   5.826  1.00 
  50.863 -28.324   6.258  1.00 
  49.825 -26.171   9.193  1.00 
  51.294 -23.571  11.550  1.00 
  52.793 -24.904  14.791  1.00 
  56.123 -26.713  14.979  1.00 
  54.246 -29.904  15.793  1.00 
  51.967 -29.749  12.728  1.00 
  54.954 -28.995  10.499  1.00 
  56.746 -32.031  11.933  1.00 
  53.709 -34.303  11.749  1.00 
  53.287 -33.266   8.064  1.00 
  56.953 -33.917   7.200  1.00 
  56.602 -37.314   8.836  1.00 
  53.667 -38.149   6.508  1.00 
  55.677 -37.064   3.456  1.00 
  58.601 -39.251   4.527  1.00 
  56.325 -42.282   4.624  1.00 
  55.095 -41.407   1.146  1.00 
  58.571 -40.878  -0.306  1.00 
  59.769 -44.119   1.146  1.00 
  57.219 -45.913  -1.056  1.00 
  58.503 -44.248  -4.241  1.00 
  62.305 -44.290  -4.278  1.00 
  64.181 -42.645  -7.121  1.00 
  67.410 -40.643  -7.271  1.00 
  65.803 -37.375  -6.245  1.00 
  63.254 -38.812  -3.783  1.00 
  65.967 -40.625  -1.794  1.00 
  67.891 -37.375  -1.917  1.00 
  64.774 -35.408  -0.820  1.00 
  63.837 -37.956   1.834  1.00 
  67.214 -37.490   3.494  1.00 
  66.727 -33.707   3.458  1.00 
  63.307 -34.128   5.055  1.00 
  65.029 -35.901   7.969  1.00 
  67.451 -32.981   8.347  1.00 
  64.511 -30.568   8.265  1.00 
  62.634 -32.493  10.955  1.00 
  65.785 -32.305  13.120  1.00 
  65.997 -28.530  12.650  1.00 
  62.355 -28.292  13.639  1.00 
  63.137 -30.287  16.854  1.00 
  66.297 -28.355  17.643  1.00 
  64.095 -25.217  17.458  1.00 
  61.416 -26.592  19.782  1.00 
  64.323 -27.523  22.038  1.00 
  65.602 -23.942  22.210  1.00 
  61.962 -22.851  22.646  1.00 
  61.802 -25.224  25.612  1.00 
  58.706 -26.866  24.198  1.00 
  57.612 -30.371  23.157  1.00 
  56.909 -31.880  19.763  1.00 
  54.831 -35.061  20.276  1.00 
  55.847 -38.259  18.541  1.00 
  54.125 -37.985  15.141  1.00 
  51.528 -40.646  14.365  1.00 
  52.265 -42.968  11.480  1.00 
  49.959 -44.202   8.765  1.00 
  49.934 -47.962   8.957  1.00 
  49.083 -47.945   5.239  1.00 
  49.415 -45.527   2.328  1.00 
  46.204 -46.893   0.798  1.00 
  44.257 -44.084   2.486  1.00 
  46.501 -41.504   0.717  1.00 
  45.180 -42.693  -2.638  1.00 
  42.567 -40.000  -3.043  1.00 
  44.899 -37.080  -2.243  1.00 
  47.739 -38.519  -4.360  1.00 
  45.660 -39.481  -7.383  1.00 
  45.112 -37.215 -10.373  1.00 
  44.338 -37.784 -14.055  1.00 
  47.244 -36.839 -16.333  1.00 
  49.657 -36.753 -13.388  1.00 
  51.643 -39.462 -11.595  1.00 
  51.308 -39.949  -7.823  1.00 
  55.015 -39.150  -7.651  1.00 
  54.392 -35.793  -9.247  1.00 
  51.350 -34.961  -7.112  1.00 
  53.277 -35.997  -3.936  1.00 
  56.346 -33.906  -4.711  1.00 
  54.100 -31.017  -5.811  1.00 
  52.146 -31.073  -2.549  1.00 
  55.391 -31.356  -0.586  1.00 
  56.775 -28.295  -2.325  1.00 
  53.598 -26.457  -1.382  1.00 
  53.989 -27.448   2.249  1.00 
  57.680 -26.423   2.200  1.00 
  56.948 -23.000   0.729  1.00 
  54.231 -22.698   3.372  1.00 
  56.652 -23.321   6.226  1.00 
  59.187 -20.988   4.623  1.00 
  57.143 -17.943   5.440  1.00 
  55.368 -19.167   8.561  1.00 
  58.656 -19.847  10.375  1.00 
  59.367 -16.115  10.003  1.00 
  56.320 -15.524  12.162  1.00 
  58.077 -17.549  14.892  1.00 
  55.244 -20.122  15.038  1.00 
  53.817 -21.821  18.087  1.00 
  54.985 -25.203  19.235  1.00 
