    1  1.658696184E+001
    2  1.258445552E+001
    3  1.322019448E+001
    4  9.312231881E+000
    5  7.937212975E+000
    6  1.007344362E+001
    7  9.655096787E+000
    8  6.692464831E+000
    9  6.761834572E+000
   10  8.431751410E+000
   11  6.705435730E+000
   12  5.902961339E+000
   13  6.768984446E+000
   14  7.361814959E+000
   15  6.007087367E+000
   16  6.180802507E+000
   17  7.348005367E+000
   18  6.994402711E+000
   19  6.846377361E+000
   20  9.253223378E+000
   21  1.259924330E+001
   22  1.024123743E+001
   23  1.291759756E+001
   24  1.376927438E+001
   25  1.343196471E+001
   26  1.049889486E+001
   27  9.962703564E+000
   28  6.780843063E+000
   29  6.714547384E+000
   30  8.082386611E+000
   31  7.419879601E+000
   32  9.417139935E+000
   33  8.561008912E+000
   34  8.231581842E+000
   35  6.837736145E+000
   36  7.709872008E+000
   37  6.749417167E+000
   38  5.867981023E+000
   39  5.721656539E+000
   40  6.761246469E+000
   41  5.371908223E+000
   42  5.131268617E+000
   43  6.166640957E+000
   44  6.037138044E+000
   45  4.858000979E+000
   46  5.363783330E+000
   47  6.709966269E+000
   48  5.933857707E+000
   49  6.223779682E+000
   50  7.998284099E+000
   51  9.201374175E+000
   52  8.747828316E+000
   53  1.171675160E+001
   54  1.189013545E+001
   55  1.445467464E+001
   56  9.166487749E+000
   57  7.288868897E+000
   58  8.675572890E+000
   59  7.713205356E+000
   60  6.446097805E+000
   61  6.148615024E+000
   62  7.072955951E+000
   63  6.240419568E+000
   64  5.468549133E+000
   65  5.981748915E+000
   66  6.567680541E+000
   67  5.445444775E+000
   68  5.642033911E+000
   69  6.940219291E+000
   70  6.569512640E+000
   71  6.176850160E+000
   72  7.691820015E+000
   73  8.467015871E+000
   74  7.359784517E+000
   75  9.260192004E+000
   76  1.077884952E+001
   77  1.152401748E+001
   78  1.203201568E+001
   79  1.504923775E+001
   80  1.166432579E+001
   81  1.980771851E+001
   82  1.506074563E+001
   83  1.685781851E+001
   84  1.536421302E+001
   85  1.428069650E+001
   86  1.652235745E+001
   87  1.390913337E+001
   88  1.335958977E+001
   89  2.493975374E+001
   90  1.846614103E+001
   91  1.281904433E+001
   92  1.419709973E+001
   93  1.449636959E+001
   94  1.004786819E+001
   95  1.052990223E+001
   96  1.555429004E+001
   97  9.723322026E+000
   98  8.733405261E+000
   99  1.586523060E+001
  100  1.996345925E+001
  101  3.605316090E+001
  102  3.646554000E+001
  103  1.813483996E+001
  104  1.113586058E+001
  105  8.511362073E+000
  106  8.365311670E+000
  107  7.635660616E+000
  108  6.682110465E+000
  109  6.368892500E+000
  110  6.412208068E+000
  111  5.822529647E+000
  112  4.986060163E+000
  113  5.490790568E+000
  114  5.461766685E+000
  115  5.843128231E+000
  116  5.453946752E+000
  117  5.396833022E+000
  118  6.648248688E+000
  119  6.440859849E+000
  120  5.839366226E+000
  121  6.869691244E+000
  122  8.114845673E+000
  123  7.419727913E+000
  124  7.286627984E+000
  125  1.034272051E+001
  126  1.136307031E+001
  127  1.007890794E+001
  128  1.051912249E+001
  129  1.214818304E+001
  130  1.077083554E+001
