    1  2.509903605E+001
    2  2.117251374E+001
    3  2.141516677E+001
    4  1.383032507E+001
    5  1.155908079E+001
    6  1.491366104E+001
    7  1.460810499E+001
    8  9.828401720E+000
    9  1.031089531E+001
   10  1.275542880E+001
   11  1.043191056E+001
   12  9.097491974E+000
   13  1.114102802E+001
   14  1.126317184E+001
   15  9.551515845E+000
   16  9.599879014E+000
   17  1.150331751E+001
   18  1.108239194E+001
   19  1.071639372E+001
   20  1.619096208E+001
   21  2.180377010E+001
   22  1.637857820E+001
   23  2.145377057E+001
   24  2.531604458E+001
   25  2.653039805E+001
   26  1.897540624E+001
   27  1.802917477E+001
   28  1.178622485E+001
   29  1.130878234E+001
   30  1.391271684E+001
   31  1.384972522E+001
   32  1.824483597E+001
   33  1.722702778E+001
   34  1.224726636E+001
   35  9.996324646E+000
   36  1.133929514E+001
   37  1.014263736E+001
   38  8.643299816E+000
   39  8.384452355E+000
   40  1.039188494E+001
   41  8.451091749E+000
   42  8.054837634E+000
   43  9.294719124E+000
   44  8.560521018E+000
   45  6.907080034E+000
   46  7.760635996E+000
   47  1.006734781E+001
   48  8.768956245E+000
   49  8.839369202E+000
   50  1.257021898E+001
   51  1.443934205E+001
   52  1.431498344E+001
   53  2.103725282E+001
   54  1.891209751E+001
   55  2.147995497E+001
   56  1.351831044E+001
   57  1.056656099E+001
   58  1.256481583E+001
   59  1.096966447E+001
   60  9.083391012E+000
   61  9.556035943E+000
   62  1.084116985E+001
   63  9.363235944E+000
   64  8.398800664E+000
   65  9.865280804E+000
   66  1.106462422E+001
   67  8.225466893E+000
   68  8.344180602E+000
   69  1.033240993E+001
   70  9.643497037E+000
   71  8.159224040E+000
   72  1.079827965E+001
   73  1.280967815E+001
   74  1.019114600E+001
   75  1.273504357E+001
   76  1.621946604E+001
   77  1.792909786E+001
   78  1.910183520E+001
   79  2.338074122E+001
   80  1.889229370E+001
   81  3.223585805E+001
   82  2.376695245E+001
   83  3.139053357E+001
   84  2.956134238E+001
   85  2.600678166E+001
   86  3.254571171E+001
   87  2.928235882E+001
   88  2.493509662E+001
   89  4.570655647E+001
   90  3.092179224E+001
   91  2.248067069E+001
   92  2.577670417E+001
   93  2.638012863E+001
   94  1.610202654E+001
   95  1.825473375E+001
   96  2.455310346E+001
   97  1.578126452E+001
   98  1.343389759E+001
   99  2.626997189E+001
  100  3.276688688E+001
  101  8.069369330E+001
  102  7.124868687E+001
  103  3.470656306E+001
  104  1.938412063E+001
  105  1.263850659E+001
  106  1.258706661E+001
  107  1.085977375E+001
  108  9.232103984E+000
  109  8.677876188E+000
  110  9.412814874E+000
  111  8.127577234E+000
  112  7.249248750E+000
  113  7.738371970E+000
  114  8.209557988E+000
  115  8.870393083E+000
  116  8.306144931E+000
  117  7.734137330E+000
  118  9.721558000E+000
  119  9.339810877E+000
  120  8.389793510E+000
  121  1.096657579E+001
  122  1.353699090E+001
  123  1.150272803E+001
  124  1.111892713E+001
  125  1.652903468E+001
  126  1.768309599E+001
  127  1.563365154E+001
  128  1.624569061E+001
  129  1.867540799E+001
  130  1.865577346E+001
