    1        49.39  88.730  0.4000
    2        52.69  78.440  0.4000
    3        46.41  70.490  0.4000
    4        23.79  55.690  0.4000
    5        23.19  52.820  0.4000
    6        34.65  53.700  0.4000
    7        26.30  44.530  0.4000
    8        15.34  44.870  0.4000
    9        15.24  43.570  0.4000
   10        18.66  36.640  0.4000
   11        16.55  33.940  0.4000
   12        13.76  38.220  0.4000
   13        16.20  35.580  0.4000
   14        17.27  36.820  0.4000
   15        15.45  31.830  0.4000
   16        16.20  29.500  0.4000
   17        19.13  33.820  0.4000
   18        18.59  43.230  0.4000
   19        21.05  46.750  0.4000
   20        36.31  51.690  0.4000
   21        61.57  52.920  0.4000
   22        58.96  65.480  0.4000
   23        95.33  69.160  0.4000
   24       103.08  59.220  0.4000
   25        82.08  50.050  0.4000
   26        44.65  36.310  0.4000
   27        40.47  35.150  0.4000
   28        19.45  28.500  0.4000
   29        19.83  39.420  0.4000
   30        28.23  68.860  0.4000
   31        18.43  81.880  0.4000
   32        22.63  73.070  0.4000
   33        22.84  58.270  0.4000
   34        18.88  39.070  0.4000
   35        16.98  31.460  0.4000
   36        15.38  35.930  0.4000
   37        15.27  26.910  0.4000
   38        14.09  20.750  0.4000
   39        13.29  24.490  0.4000
   40        15.08  26.300  0.4000
   41        13.04  29.640  0.4000
   42        13.27  25.740  0.4000
   43        15.29  28.630  0.4000
   44        14.77  24.750  0.4000
   45        13.23  31.270  0.4000
   46        14.19  34.260  0.4000
   47        18.32  35.840  0.4000
   48        17.78  35.540  0.4000
   49        15.12  31.090  0.4000
   50        21.26  42.590  0.4000
   51        34.03  41.560  0.4000
   52        35.11  38.310  0.4000
   53        37.63  35.160  0.4000
   54        42.86  30.790  0.4000
   55        43.46  35.170  0.4000
   56        32.05  38.050  0.4000
   57        21.06  35.210  0.4000
   58        19.41  33.610  0.4000
   59        21.70  42.010  0.4000
   60        18.25  37.350  0.4000
   61        14.94  37.760  0.4000
   62        16.30  35.660  0.4000
   63        15.61  35.900  0.4000
   64        14.17  34.040  0.4000
   65        16.32  32.290  0.4000
   66        18.29  29.130  0.4000
   67        14.60  33.570  0.4000
   68        14.52  24.600  0.4000
   69        19.83  26.860  0.4000
   70        17.98  26.290  0.4000
   71        15.08  26.690  0.4000
   72        19.32  32.000  0.4000
   73        24.63  30.820  0.4000
   74        19.91  33.370  0.4000
   75        20.91  35.560  0.4000
   76        29.19  45.120  0.4000
   77        36.66  52.280  0.4000
   78        36.19  51.710  0.4000
   79        41.47  58.660  0.4000
   80        26.65  63.940  0.4000
   81        43.68  71.640  0.4000
   82        31.71  54.630  0.4000
   83       102.75  52.100  0.4000
   84       189.19  60.990  0.4000
   85        52.94  50.340  0.4000
   86        90.63  51.200  0.4000
   87        62.29  48.900  0.4000
   88        70.36  49.250  0.4000
   89       761.86  63.770  0.4000
   90        76.02  60.030  0.4000
   91        57.44  50.670  0.4000
   92        70.82  55.580  0.4000
   93        82.41  50.470  0.4000
   94        54.40  47.830  0.4000
   95        55.74  41.440  0.4000
   96        72.85  32.660  0.4000
   97        54.21  34.760  0.4000
   98        42.13  41.000  0.4000
   99        57.61  61.820  0.4000
  100        81.60  77.990  0.4000
  101       221.81  84.220  0.4000
  102       311.92  70.360  0.4000
  103        76.59  56.510  0.4000
  104        47.27  50.380  0.4000
  105        30.48  45.900  0.4000
  106        33.73  39.710  0.4000
  107        26.89  39.640  0.4000
  108        15.23  32.800  0.4000
  109        16.11  31.990  0.4000
  110        18.59  31.850  0.4000
  111        13.00  29.850  0.4000
  112        12.53  23.070  0.4000
  113        13.75  24.840  0.4000
  114        14.70  33.360  0.4000
  115        13.43  26.450  0.4000
  116        12.86  24.410  0.4000
  117        15.86  24.410  0.4000
  118        19.12  35.650  0.4000
  119        17.31  33.330  0.4000
  120        15.72  28.170  0.4000
  121        18.97  33.850  0.4000
  122        22.28  24.810  0.4000
  123        20.09  31.080  0.4000
  124        20.96  33.110  0.4000
  125        32.02  40.850  0.4000
  126        46.13  43.340  0.4000
  127        53.61  46.290  0.4000
  128        57.59  46.560  0.4000
  129        46.20  54.860  0.4000
  130        43.37  50.240  0.4000
