    1  3.791637926E+001
    2  3.200925239E+001
    3  3.202870023E+001
    4  1.999753589E+001
    5  1.660643523E+001
    6  2.314506482E+001
    7  2.102674466E+001
    8  1.363920085E+001
    9  1.456123451E+001
   10  1.739544642E+001
   11  1.501726418E+001
   12  1.337503262E+001
   13  1.603222429E+001
   14  1.638795040E+001
   15  1.323095124E+001
   16  1.407052282E+001
   17  1.657383730E+001
   18  1.580961090E+001
   19  1.563698123E+001
   20  2.334680193E+001
   21  3.236665556E+001
   22  3.204998730E+001
   23  4.743544340E+001
   24  4.303867930E+001
   25  4.943093386E+001
   26  3.242645968E+001
   27  3.084843552E+001
   28  1.957162934E+001
   29  1.679365699E+001
   30  2.351262718E+001
   31  2.152665178E+001
   32  2.627948652E+001
   33  2.340596447E+001
   34  1.765041706E+001
   35  1.369010949E+001
   36  1.511673737E+001
   37  1.439632360E+001
   38  1.223828642E+001
   39  1.189535426E+001
   40  1.414054503E+001
   41  1.200835846E+001
   42  1.136915725E+001
   43  1.326211495E+001
   44  1.243528020E+001
   45  1.028861961E+001
   46  1.156655324E+001
   47  1.388076745E+001
   48  1.222482271E+001
   49  1.294233856E+001
   50  1.721470141E+001
   51  2.200964972E+001
   52  2.305572851E+001
   53  3.156872844E+001
   54  3.043070400E+001
   55  3.169790050E+001
   56  1.945179774E+001
   57  1.444674731E+001
   58  1.701014652E+001
   59  1.587000485E+001
   60  1.252304650E+001
   61  1.317868105E+001
   62  1.523562486E+001
   63  1.354433475E+001
   64  1.266283566E+001
   65  1.523559611E+001
   66  1.686013007E+001
   67  1.233586685E+001
   68  1.323616642E+001
   69  1.657908520E+001
   70  1.446363417E+001
   71  1.147346700E+001
   72  1.505685189E+001
   73  1.862991893E+001
   74  1.490929915E+001
   75  1.812401577E+001
   76  2.386495610E+001
   77  2.616879343E+001
   78  2.856578525E+001
   79  3.724354542E+001
   80  2.785986210E+001
   81  4.804790673E+001
   82  3.086084324E+001
   83  5.094201590E+001
   84  5.119283726E+001
   85  5.128417417E+001
   86  7.093360620E+001
   87  5.008623151E+001
   88  4.009774455E+001
   89  8.578983950E+001
   90  4.548172941E+001
   91  3.526412722E+001
   92  4.246955078E+001
   93  4.393392538E+001
   94  2.623145830E+001
   95  3.198880196E+001
   96  4.410847301E+001
   97  2.521649278E+001
   98  1.949939926E+001
   99  4.390649615E+001
  100  5.184194181E+001
  101  1.260861026E+002
  102  1.489096085E+002
  103  5.494137789E+001
  104  3.396870046E+001
  105  1.924714569E+001
  106  1.893433184E+001
  107  1.696681420E+001
  108  1.283280138E+001
  109  1.173795258E+001
  110  1.315825188E+001
  111  1.130042213E+001
  112  1.019565155E+001
  113  1.086723566E+001
  114  1.137747290E+001
  115  1.228393492E+001
  116  1.187646203E+001
  117  1.186345030E+001
  118  1.468863221E+001
  119  1.363030367E+001
  120  1.214826394E+001
  121  1.646765367E+001
  122  1.973139867E+001
  123  1.700487363E+001
  124  1.517492907E+001
  125  2.391525735E+001
  126  2.718159421E+001
  127  2.400798293E+001
  128  2.798222514E+001
  129  2.822065495E+001
  130  3.030760475E+001
