    1        59.01  88.730  0.5491
    2        46.71  78.440  0.5491
    3        44.14  70.490  0.5491
    4        28.04  55.690  0.5491
    5        27.01  52.820  0.5491
    6        35.87  53.700  0.5491
    7        31.06  44.530  0.5491
    8        19.93  44.870  0.5491
    9        21.04  43.570  0.5491
   10        26.39  36.640  0.5491
   11        21.46  33.940  0.5491
   12        19.33  38.220  0.5491
   13        24.96  35.580  0.5491
   14        24.16  36.820  0.5491
   15        19.77  31.830  0.5491
   16        21.08  29.500  0.5491
   17        24.38  33.820  0.5491
   18        23.31  43.230  0.5491
   19        25.02  46.750  0.5491
   20        45.15  51.690  0.5491
   21        64.66  52.920  0.5491
   22        47.62  65.480  0.5491
   23        98.29  69.160  0.5491
   24       115.61  59.220  0.5491
   25        96.98  50.050  0.5491
   26        54.98  36.310  0.5491
   27        41.75  35.150  0.5491
   28        26.14  28.500  0.5491
   29        22.65  39.420  0.5491
   30        34.77  68.860  0.5491
   31        27.30  81.880  0.5491
   32        35.49  73.070  0.5491
   33        34.01  58.270  0.5491
   34        26.00  39.070  0.5491
   35        21.51  31.460  0.5491
   36        23.00  35.930  0.5491
   37        21.34  26.910  0.5491
   38        18.94  20.750  0.5491
   39        17.92  24.490  0.5491
   40        21.00  26.300  0.5491
   41        17.10  29.640  0.5491
   42        17.70  25.740  0.5491
   43        21.25  28.630  0.5491
   44        19.01  24.750  0.5491
   45        15.17  31.270  0.5491
   46        16.61  34.260  0.5491
   47        21.82  35.840  0.5491
   48        19.43  35.540  0.5491
   49        18.98  31.090  0.5491
   50        27.04  42.590  0.5491
   51        35.95  41.560  0.5491
   52        34.17  38.310  0.5491
   53        46.23  35.160  0.5491
   54        47.04  30.790  0.5491
   55        50.73  35.170  0.5491
   56        31.13  38.050  0.5491
   57        21.83  35.210  0.5491
   58        25.67  33.610  0.5491
   59        24.45  42.010  0.5491
   60        18.78  37.350  0.5491
   61        18.46  37.760  0.5491
   62        22.92  35.660  0.5491
   63        20.80  35.900  0.5491
   64        19.13  34.040  0.5491
   65        24.10  32.290  0.5491
   66        25.21  29.130  0.5491
   67        18.18  33.570  0.5491
   68        19.91  24.600  0.5491
   69        26.46  26.860  0.5491
   70        21.77  26.290  0.5491
   71        18.15  26.690  0.5491
   72        23.48  32.000  0.5491
   73        25.33  30.820  0.5491
   74        20.11  33.370  0.5491
   75        23.41  35.560  0.5491
   76        31.91  45.120  0.5491
   77        38.81  52.280  0.5491
   78        41.08  51.710  0.5491
   79        49.25  58.660  0.5491
   80        36.72  63.940  0.5491
   81        60.71  71.640  0.5491
   82        44.52  54.630  0.5491
   83        87.77  52.100  0.5491
   84       112.64  60.990  0.5491
   85        82.22  50.340  0.5491
   86       122.53  51.200  0.5491
   87        80.02  48.900  0.5491
   88        64.36  49.250  0.5491
   89       165.60  63.770  0.5491
   90        70.49  60.030  0.5491
   91        54.44  50.670  0.5491
   92        75.97  55.580  0.5491
   93        85.44  50.470  0.5491
   94        50.10  47.830  0.5491
   95        53.96  41.440  0.5491
   96        72.09  32.660  0.5491
   97        45.72  34.760  0.5491
   98        37.83  41.000  0.5491
   99        71.10  61.820  0.5491
  100        91.70  77.990  0.5491
  101       301.84  84.220  0.5491
  102       397.28  70.360  0.5491
  103        87.28  56.510  0.5491
  104        52.66  50.380  0.5491
  105        29.44  45.900  0.5491
  106        33.32  39.710  0.5491
  107        27.26  39.640  0.5491
  108        18.82  32.800  0.5491
  109        17.98  31.990  0.5491
  110        20.39  31.850  0.5491
  111        16.98  29.850  0.5491
  112        14.53  23.070  0.5491
  113        16.52  24.840  0.5491
  114        17.54  33.360  0.5491
  115        18.56  26.450  0.5491
  116        18.00  24.410  0.5491
  117        17.99  24.410  0.5491
  118        23.82  35.650  0.5491
  119        22.35  33.330  0.5491
  120        18.86  28.170  0.5491
  121        25.42  33.850  0.5491
  122        31.50  24.810  0.5491
  123        24.73  31.080  0.5491
  124        23.49  33.110  0.5491
  125        39.74  40.850  0.5491
  126        40.68  43.340  0.5491
  127        35.93  46.290  0.5491
  128        41.89  46.560  0.5491
  129        39.38  54.860  0.5491
  130        39.40  50.240  0.5491
