    1        63.75  88.730  0.6385
    2        53.82  78.440  0.6385
    3        53.85  70.490  0.6385
    4        33.62  55.690  0.6385
    5        27.92  52.820  0.6385
    6        38.92  53.700  0.6385
    7        35.36  44.530  0.6385
    8        22.93  44.870  0.6385
    9        24.48  43.570  0.6385
   10        29.25  36.640  0.6385
   11        25.25  33.940  0.6385
   12        22.49  38.220  0.6385
   13        26.96  35.580  0.6385
   14        27.56  36.820  0.6385
   15        22.25  31.830  0.6385
   16        23.66  29.500  0.6385
   17        27.87  33.820  0.6385
   18        26.58  43.230  0.6385
   19        26.29  46.750  0.6385
   20        39.26  51.690  0.6385
   21        54.42  52.920  0.6385
   22        53.89  65.480  0.6385
   23        79.76  69.160  0.6385
   24        72.37  59.220  0.6385
   25        83.12  50.050  0.6385
   26        54.52  36.310  0.6385
   27        51.87  35.150  0.6385
   28        32.91  28.500  0.6385
   29        28.24  39.420  0.6385
   30        39.54  68.860  0.6385
   31        36.20  81.880  0.6385
   32        44.19  73.070  0.6385
   33        39.36  58.270  0.6385
   34        29.68  39.070  0.6385
   35        23.02  31.460  0.6385
   36        25.42  35.930  0.6385
   37        24.21  26.910  0.6385
   38        20.58  20.750  0.6385
   39        20.00  24.490  0.6385
   40        23.78  26.300  0.6385
   41        20.19  29.640  0.6385
   42        19.12  25.740  0.6385
   43        22.30  28.630  0.6385
   44        20.91  24.750  0.6385
   45        17.30  31.270  0.6385
   46        19.45  34.260  0.6385
   47        23.34  35.840  0.6385
   48        20.56  35.540  0.6385
   49        21.76  31.090  0.6385
   50        28.95  42.590  0.6385
   51        37.01  41.560  0.6385
   52        38.77  38.310  0.6385
   53        53.08  35.160  0.6385
   54        51.17  30.790  0.6385
   55        53.30  35.170  0.6385
   56        32.71  38.050  0.6385
   57        24.29  35.210  0.6385
   58        28.60  33.610  0.6385
   59        26.68  42.010  0.6385
   60        21.06  37.350  0.6385
   61        22.16  37.760  0.6385
   62        25.62  35.660  0.6385
   63        22.77  35.900  0.6385
   64        21.29  34.040  0.6385
   65        25.62  32.290  0.6385
   66        28.35  29.130  0.6385
   67        20.74  33.570  0.6385
   68        22.26  24.600  0.6385
   69        27.88  26.860  0.6385
   70        24.32  26.290  0.6385
   71        19.29  26.690  0.6385
   72        25.32  32.000  0.6385
   73        31.33  30.820  0.6385
   74        25.07  33.370  0.6385
   75        30.47  35.560  0.6385
   76        40.13  45.120  0.6385
   77        44.00  52.280  0.6385
   78        48.03  51.710  0.6385
   79        62.62  58.660  0.6385
   80        46.85  63.940  0.6385
   81        80.79  71.640  0.6385
   82        51.89  54.630  0.6385
   83        85.66  52.100  0.6385
   84        86.08  60.990  0.6385
   85        86.23  50.340  0.6385
   86       119.27  51.200  0.6385
   87        84.22  48.900  0.6385
   88        67.42  49.250  0.6385
   89       144.25  63.770  0.6385
   90        76.48  60.030  0.6385
   91        59.30  50.670  0.6385
   92        71.41  55.580  0.6385
   93        73.87  50.470  0.6385
   94        44.11  47.830  0.6385
   95        53.79  41.440  0.6385
   96        74.17  32.660  0.6385
   97        42.40  34.760  0.6385
   98        32.79  41.000  0.6385
   99        73.83  61.820  0.6385
  100        87.17  77.990  0.6385
  101       212.01  84.220  0.6385
  102       250.38  70.360  0.6385
  103        92.38  56.510  0.6385
  104        57.12  50.380  0.6385
  105        32.36  45.900  0.6385
  106        31.84  39.710  0.6385
  107        28.53  39.640  0.6385
  108        21.58  32.800  0.6385
  109        19.74  31.990  0.6385
  110        22.12  31.850  0.6385
  111        19.00  29.850  0.6385
  112        17.14  23.070  0.6385
  113        18.27  24.840  0.6385
  114        19.13  33.360  0.6385
  115        20.65  26.450  0.6385
  116        19.97  24.410  0.6385
  117        19.95  24.410  0.6385
  118        24.70  35.650  0.6385
  119        22.92  33.330  0.6385
  120        20.43  28.170  0.6385
  121        27.69  33.850  0.6385
  122        33.18  24.810  0.6385
  123        28.59  31.080  0.6385
  124        25.52  33.110  0.6385
  125        40.21  40.850  0.6385
  126        45.70  43.340  0.6385
  127        40.37  46.290  0.6385
  128        47.05  46.560  0.6385
  129        47.45  54.860  0.6385
  130        50.96  50.240  0.6385
