    1  1.531651458E+001
    2  1.199235777E+001
    3  1.198862182E+001
    4  8.614696192E+000
    5  7.479282577E+000
    6  9.423587678E+000
    7  8.792413963E+000
    8  6.121078004E+000
    9  6.257981579E+000
   10  7.546437593E+000
   11  6.195416741E+000
   12  5.542770301E+000
   13  6.255935493E+000
   14  6.545819485E+000
   15  5.664155541E+000
   16  5.813131154E+000
   17  6.722519418E+000
   18  6.403068363E+000
   19  6.454176647E+000
   20  8.648972505E+000
   21  1.113282239E+001
   22  9.086277647E+000
   23  1.132138099E+001
   24  1.243772675E+001
   25  1.214031730E+001
   26  9.395851516E+000
   27  8.797168243E+000
   28  6.081616004E+000
   29  5.850664959E+000
   30  7.314732725E+000
   31  6.670295564E+000
   32  8.610905606E+000
   33  7.999095430E+000
   34  7.799683691E+000
   35  6.480927319E+000
   36  7.160882216E+000
   37  6.238176289E+000
   38  5.508209932E+000
   39  5.396123520E+000
   40  6.210186245E+000
   41  5.047300485E+000
   42  4.787363626E+000
   43  5.758002840E+000
   44  5.557571369E+000
   45  4.643855931E+000
   46  5.165960499E+000
   47  6.232936445E+000
   48  5.517786158E+000
   49  5.767552769E+000
   50  7.332215643E+000
   51  8.445391554E+000
   52  7.928565190E+000
   53  1.067049592E+001
   54  1.108540095E+001
   55  1.309349463E+001
   56  8.500789126E+000
   57  6.428475652E+000
   58  7.633635446E+000
   59  7.046252559E+000
   60  5.770425750E+000
   61  5.672449337E+000
   62  6.284838357E+000
   63  5.789772679E+000
   64  5.071070460E+000
   65  5.543967706E+000
   66  5.985849448E+000
   67  5.131533966E+000
   68  5.463882045E+000
   69  6.569603607E+000
   70  6.201568815E+000
   71  5.914859593E+000
   72  7.361449076E+000
   73  7.851932819E+000
   74  7.043235851E+000
   75  8.833406542E+000
   76  9.924788119E+000
   77  1.077937993E+001
   78  1.127852268E+001
   79  1.413769363E+001
   80  1.066041105E+001
   81  1.871709630E+001
   82  1.388561874E+001
   83  1.558158908E+001
   84  1.409842034E+001
   85  1.283648471E+001
   86  1.373533460E+001
   87  1.217237774E+001
   88  1.164822532E+001
   89  2.141329359E+001
   90  1.569576080E+001
   91  1.142776472E+001
   92  1.236100503E+001
   93  1.261848566E+001
   94  9.249598843E+000
   95  9.871298426E+000
   96  1.411059308E+001
   97  8.996610680E+000
   98  8.203352707E+000
   99  1.536599044E+001
  100  1.713939418E+001
  101  3.267945872E+001
  102  3.112565914E+001
  103  1.658991620E+001
  104  1.024557236E+001
  105  8.118251902E+000
  106  7.827524380E+000
  107  7.397672151E+000
  108  6.413372582E+000
  109  6.174975584E+000
  110  6.183074962E+000
  111  5.603457230E+000
  112  4.777472285E+000
  113  5.276983728E+000
  114  5.262278728E+000
  115  5.448909798E+000
  116  5.111698931E+000
  117  5.078191153E+000
  118  6.252600439E+000
  119  5.937496146E+000
  120  5.493474956E+000
  121  6.507966905E+000
  122  7.564782843E+000
  123  6.831326312E+000
  124  7.000425124E+000
  125  9.831072716E+000
  126  1.058341238E+001
  127  9.552801808E+000
  128  9.906853222E+000
  129  1.123413500E+001
  130  1.011427085E+001
