    1        62.31  88.730  0.6105
    2        53.67  78.440  0.6105
    3        51.58  70.490  0.6105
    4        28.79  55.690  0.6105
    5        25.88  52.820  0.6105
    6        37.79  53.700  0.6105
    7        34.29  44.530  0.6105
    8        22.27  44.870  0.6105
    9        23.05  43.570  0.6105
   10        26.91  36.640  0.6105
   11        22.92  33.940  0.6105
   12        21.17  38.220  0.6105
   13        24.87  35.580  0.6105
   14        25.15  36.820  0.6105
   15        21.55  31.830  0.6105
   16        22.60  29.500  0.6105
   17        26.02  33.820  0.6105
   18        24.08  43.230  0.6105
   19        25.23  46.750  0.6105
   20        41.17  51.690  0.6105
   21        61.61  52.920  0.6105
   22        54.02  65.480  0.6105
   23        86.42  69.160  0.6105
   24        84.28  59.220  0.6105
   25        81.37  50.050  0.6105
   26        49.31  36.310  0.6105
   27        45.17  35.150  0.6105
   28        31.28  28.500  0.6105
   29        26.79  39.420  0.6105
   30        38.17  68.860  0.6105
   31        32.17  81.880  0.6105
   32        38.67  73.070  0.6105
   33        37.76  58.270  0.6105
   34        27.81  39.070  0.6105
   35        24.73  31.460  0.6105
   36        26.35  35.930  0.6105
   37        23.28  26.910  0.6105
   38        20.08  20.750  0.6105
   39        18.39  24.490  0.6105
   40        22.22  26.300  0.6105
   41        18.71  29.640  0.6105
   42        18.00  25.740  0.6105
   43        21.86  28.630  0.6105
   44        19.79  24.750  0.6105
   45        16.08  31.270  0.6105
   46        17.96  34.260  0.6105
   47        22.58  35.840  0.6105
   48        19.54  35.540  0.6105
   49        19.45  31.090  0.6105
   50        27.84  42.590  0.6105
   51        36.33  41.560  0.6105
   52        37.20  38.310  0.6105
   53        51.16  35.160  0.6105
   54        51.93  30.790  0.6105
   55        50.44  35.170  0.6105
   56        29.96  38.050  0.6105
   57        24.45  35.210  0.6105
   58        27.57  33.610  0.6105
   59        24.72  42.010  0.6105
   60        19.74  37.350  0.6105
   61        20.60  37.760  0.6105
   62        24.08  35.660  0.6105
   63        21.81  35.900  0.6105
   64        19.26  34.040  0.6105
   65        22.86  32.290  0.6105
   66        24.55  29.130  0.6105
   67        19.02  33.570  0.6105
   68        19.87  24.600  0.6105
   69        25.58  26.860  0.6105
   70        22.62  26.290  0.6105
   71        19.28  26.690  0.6105
   72        24.45  32.000  0.6105
   73        28.25  30.820  0.6105
   74        22.73  33.370  0.6105
   75        27.74  35.560  0.6105
   76        37.86  45.120  0.6105
   77        44.08  52.280  0.6105
   78        44.74  51.710  0.6105
   79        53.84  58.660  0.6105
   80        40.43  63.940  0.6105
   81        67.13  71.640  0.6105
   82        51.60  54.630  0.6105
   83        88.93  52.100  0.6105
   84       103.64  60.990  0.6105
   85        76.32  50.340  0.6105
   86       119.11  51.200  0.6105
   87        89.42  48.900  0.6105
   88        71.86  49.250  0.6105
   89       165.00  63.770  0.6105
   90        77.39  60.030  0.6105
   91        57.42  50.670  0.6105
   92        74.22  55.580  0.6105
   93        81.63  50.470  0.6105
   94        51.57  47.830  0.6105
   95        57.67  41.440  0.6105
   96        76.26  32.660  0.6105
   97        45.15  34.760  0.6105
   98        34.73  41.000  0.6105
   99        76.39  61.820  0.6105
  100        82.99  77.990  0.6105
  101       328.32  84.220  0.6105
  102       216.76  70.360  0.6105
  103        98.34  56.510  0.6105
  104        52.93  50.380  0.6105
  105        31.01  45.900  0.6105
  106        32.34  39.710  0.6105
  107        27.43  39.640  0.6105
  108        19.90  32.800  0.6105
  109        19.35  31.990  0.6105
  110        21.39  31.850  0.6105
  111        18.20  29.850  0.6105
  112        16.04  23.070  0.6105
  113        17.58  24.840  0.6105
  114        18.53  33.360  0.6105
  115        18.95  26.450  0.6105
  116        18.74  24.410  0.6105
  117        18.67  24.410  0.6105
  118        22.85  35.650  0.6105
  119        22.31  33.330  0.6105
  120        19.76  28.170  0.6105
  121        26.66  33.850  0.6105
  122        32.54  24.810  0.6105
  123        27.59  31.080  0.6105
  124        25.68  33.110  0.6105
  125        43.62  40.850  0.6105
  126        46.30  43.340  0.6105
  127        40.62  46.290  0.6105
  128        46.61  46.560  0.6105
  129        44.73  54.860  0.6105
  130        43.56  50.240  0.6105
