    1        43.24  88.730  0.4078
    2        40.95  78.440  0.4078
    3        33.72  70.490  0.4078
    4        21.38  55.690  0.4078
    5        21.93  52.820  0.4078
    6        26.10  53.700  0.4078
    7        18.56  44.530  0.4078
    8        13.32  44.870  0.4078
    9        15.92  43.570  0.4078
   10        16.57  36.640  0.4078
   11        12.43  33.940  0.4078
   12        12.22  38.220  0.4078
   13        16.68  35.580  0.4078
   14        15.43  36.820  0.4078
   15        13.28  31.830  0.4078
   16        16.22  29.500  0.4078
   17        19.16  33.820  0.4078
   18        16.72  43.230  0.4078
   19        23.40  46.750  0.4078
   20        38.87  51.690  0.4078
   21        49.37  52.920  0.4078
   22        45.18  65.480  0.4078
   23        94.94  69.160  0.4078
   24       123.49  59.220  0.4078
   25        76.46  50.050  0.4078
   26        39.37  36.310  0.4078
   27        33.45  35.150  0.4078
   28        20.39  28.500  0.4078
   29        26.03  39.420  0.4078
   30        28.12  68.860  0.4078
   31        19.29  81.880  0.4078
   32        23.97  73.070  0.4078
   33        21.84  58.270  0.4078
   34        19.77  39.070  0.4078
   35        18.36  31.460  0.4078
   36        18.75  35.930  0.4078
   37        15.74  26.910  0.4078
   38        14.03  20.750  0.4078
   39        13.44  24.490  0.4078
   40        15.46  26.300  0.4078
   41        14.12  29.640  0.4078
   42        13.31  25.740  0.4078
   43        14.93  28.630  0.4078
   44        15.68  24.750  0.4078
   45        15.08  31.270  0.4078
   46        13.50  34.260  0.4078
   47        14.75  35.840  0.4078
   48        17.95  35.540  0.4078
   49        18.14  31.090  0.4078
   50        19.43  42.590  0.4078
   51        28.52  41.560  0.4078
   52        30.70  38.310  0.4078
   53        31.18  35.160  0.4078
   54        41.43  30.790  0.4078
   55        42.79  35.170  0.4078
   56        36.47  38.050  0.4078
   57        26.98  35.210  0.4078
   58        24.59  33.610  0.4078
   59        27.84  42.010  0.4078
   60        21.98  37.350  0.4078
   61        17.59  37.760  0.4078
   62        19.45  35.660  0.4078
   63        16.77  35.900  0.4078
   64        15.24  34.040  0.4078
   65        19.54  32.290  0.4078
   66        19.72  29.130  0.4078
   67        13.52  33.570  0.4078
   68        14.51  24.600  0.4078
   69        17.83  26.860  0.4078
   70        15.85  26.290  0.4078
   71        15.18  26.690  0.4078
   72        19.81  32.000  0.4078
   73        23.85  30.820  0.4078
   74        19.74  33.370  0.4078
   75        17.86  35.560  0.4078
   76        25.66  45.120  0.4078
   77        34.05  52.280  0.4078
   78        31.56  51.710  0.4078
   79        32.18  58.660  0.4078
   80        24.15  63.940  0.4078
   81        41.33  71.640  0.4078
   82        28.66  54.630  0.4078
   83        78.90  52.100  0.4078
   84       152.91  60.990  0.4078
   85        82.76  50.340  0.4078
   86        95.75  51.200  0.4078
   87        66.77  48.900  0.4078
   88        69.37  49.250  0.4078
   89       508.94  63.770  0.4078
   90       110.72  60.030  0.4078
   91        99.96  50.670  0.4078
   92        88.69  55.580  0.4078
   93       145.82  50.470  0.4078
   94       116.54  47.830  0.4078
   95        91.30  41.440  0.4078
   96       166.50  32.660  0.4078
   97       165.02  34.760  0.4078
   98        81.00  41.000  0.4078
   99        75.65  61.820  0.4078
  100        78.33  77.990  0.4078
  101       162.81  84.220  0.4078
  102       203.19  70.360  0.4078
  103        62.96  56.510  0.4078
  104        47.02  50.380  0.4078
  105        39.51  45.900  0.4078
  106        51.10  39.710  0.4078
  107        30.42  39.640  0.4078
  108        14.58  32.800  0.4078
  109        21.67  31.990  0.4078
  110        24.37  31.850  0.4078
  111        13.63  29.850  0.4078
  112        13.08  23.070  0.4078
  113        14.67  24.840  0.4078
  114        13.41  33.360  0.4078
  115        12.79  26.450  0.4078
  116        13.21  24.410  0.4078
  117        13.55  24.410  0.4078
  118        15.51  35.650  0.4078
  119        15.28  33.330  0.4078
  120        14.52  28.170  0.4078
  121        19.82  33.850  0.4078
  122        22.14  24.810  0.4078
  123        20.30  31.080  0.4078
  124        34.76  33.110  0.4078
  125        52.06  40.850  0.4078
  126        44.10  43.340  0.4078
  127        46.28  46.290  0.4078
  128        44.08  46.560  0.4078
  129        37.65  54.860  0.4078
  130        35.43  50.240  0.4078
