    1        74.10  88.730  0.5917
    2        71.10  78.440  0.5917
    3        61.46  70.490  0.5917
    4        32.29  55.690  0.5917
    5        29.98  52.820  0.5917
    6        42.35  53.700  0.5917
    7        34.21  44.530  0.5917
    8        20.20  44.870  0.5917
    9        19.88  43.570  0.5917
   10        24.81  36.640  0.5917
   11        21.78  33.940  0.5917
   12        19.42  38.220  0.5917
   13        22.51  35.580  0.5917
   14        22.98  36.820  0.5917
   15        18.72  31.830  0.5917
   16        18.95  29.500  0.5917
   17        22.40  33.820  0.5917
   18        22.24  43.230  0.5917
   19        24.63  46.750  0.5917
   20        40.92  51.690  0.5917
   21        57.03  52.920  0.5917
   22        49.06  65.480  0.5917
   23       123.77  69.160  0.5917
   24       111.90  59.220  0.5917
   25       100.94  50.050  0.5917
   26        53.32  36.310  0.5917
   27        39.90  35.150  0.5917
   28        23.91  28.500  0.5917
   29        24.29  39.420  0.5917
   30        35.75  68.860  0.5917
   31        27.39  81.880  0.5917
   32        31.92  73.070  0.5917
   33        35.03  58.270  0.5917
   34        24.49  39.070  0.5917
   35        20.22  31.460  0.5917
   36        20.78  35.930  0.5917
   37        20.44  26.910  0.5917
   38        18.57  20.750  0.5917
   39        16.57  24.490  0.5917
   40        18.85  26.300  0.5917
   41        17.12  29.640  0.5917
   42        17.68  25.740  0.5917
   43        20.31  28.630  0.5917
   44        18.98  24.750  0.5917
   45        16.12  31.270  0.5917
   46        15.97  34.260  0.5917
   47        19.93  35.840  0.5917
   48        18.42  35.540  0.5917
   49        18.29  31.090  0.5917
   50        29.18  42.590  0.5917
   51        39.48  41.560  0.5917
   52        34.67  38.310  0.5917
   53        40.46  35.160  0.5917
   54        41.73  30.790  0.5917
   55        45.74  35.170  0.5917
   56        31.08  38.050  0.5917
   57        21.00  35.210  0.5917
   58        23.47  33.610  0.5917
   59        24.15  42.010  0.5917
   60        19.41  37.350  0.5917
   61        18.48  37.760  0.5917
   62        22.13  35.660  0.5917
   63        20.48  35.900  0.5917
   64        18.29  34.040  0.5917
   65        22.53  32.290  0.5917
   66        24.92  29.130  0.5917
   67        19.15  33.570  0.5917
   68        19.16  24.600  0.5917
   69        24.59  26.860  0.5917
   70        22.27  26.290  0.5917
   71        19.87  26.690  0.5917
   72        25.09  32.000  0.5917
   73        32.25  30.820  0.5917
   74        25.46  33.370  0.5917
   75        28.07  35.560  0.5917
   76        37.15  45.120  0.5917
   77        44.24  52.280  0.5917
   78        47.96  51.710  0.5917
   79        55.79  58.660  0.5917
   80        33.09  63.940  0.5917
   81        65.08  71.640  0.5917
   82        45.90  54.630  0.5917
   83        81.70  52.100  0.5917
   84       129.01  60.990  0.5917
   85        81.30  50.340  0.5917
   86       114.35  51.200  0.5917
   87        81.25  48.900  0.5917
   88        60.79  49.250  0.5917
   89       139.91  63.770  0.5917
   90        71.69  60.030  0.5917
   91        51.38  50.670  0.5917
   92        72.19  55.580  0.5917
   93        76.79  50.470  0.5917
   94        45.55  47.830  0.5917
   95        52.61  41.440  0.5917
   96        66.93  32.660  0.5917
   97        42.63  34.760  0.5917
   98        32.35  41.000  0.5917
   99        59.39  61.820  0.5917
  100       101.70  77.990  0.5917
  101       274.62  84.220  0.5917
  102       382.79  70.360  0.5917
  103        81.86  56.510  0.5917
  104        46.10  50.380  0.5917
  105        26.46  45.900  0.5917
  106        30.34  39.710  0.5917
  107        26.12  39.640  0.5917
  108        17.87  32.800  0.5917
  109        17.64  31.990  0.5917
  110        20.24  31.850  0.5917
  111        15.62  29.850  0.5917
  112        13.69  23.070  0.5917
  113        16.21  24.840  0.5917
  114        17.03  33.360  0.5917
  115        16.96  26.450  0.5917
  116        16.82  24.410  0.5917
  117        17.91  24.410  0.5917
  118        22.28  35.650  0.5917
  119        21.99  33.330  0.5917
  120        20.26  28.170  0.5917
  121        24.76  33.850  0.5917
  122        30.23  24.810  0.5917
  123        26.37  31.080  0.5917
  124        25.84  33.110  0.5917
  125        40.47  40.850  0.5917
  126        48.32  43.340  0.5917
  127        50.38  46.290  0.5917
  128        61.92  46.560  0.5917
  129        42.05  54.860  0.5917
  130        37.00  50.240  0.5917
