    1  1.789679230E+001
    2  1.443346768E+001
    3  1.456045152E+001
    4  9.968625276E+000
    5  8.546232380E+000
    6  1.096097646E+001
    7  1.041473038E+001
    8  7.111420264E+000
    9  7.448389673E+000
   10  9.135923861E+000
   11  7.444355543E+000
   12  6.487529529E+000
   13  7.748819127E+000
   14  8.093150179E+000
   15  6.589048683E+000
   16  6.749775319E+000
   17  7.938908734E+000
   18  7.835308040E+000
   19  7.414243113E+000
   20  1.028770797E+001
   21  1.349241160E+001
   22  1.114509676E+001
   23  1.474397198E+001
   24  1.548415933E+001
   25  1.473487886E+001
   26  1.168347786E+001
   27  1.090795869E+001
   28  7.464134706E+000
   29  7.374637867E+000
   30  8.813486909E+000
   31  8.178241777E+000
   32  1.089607262E+001
   33  1.052889953E+001
   34  8.869311072E+000
   35  7.440388620E+000
   36  8.432934064E+000
   37  7.423073131E+000
   38  6.341322985E+000
   39  6.133663578E+000
   40  7.257418431E+000
   41  5.865572982E+000
   42  5.608180412E+000
   43  6.802185964E+000
   44  6.435345397E+000
   45  5.140092935E+000
   46  5.737167267E+000
   47  7.260965533E+000
   48  6.562062160E+000
   49  6.556755270E+000
   50  8.674340439E+000
   51  9.979355506E+000
   52  9.733287299E+000
   53  1.322463997E+001
   54  1.296086204E+001
   55  1.557249050E+001
   56  1.010053487E+001
   57  7.986303825E+000
   58  9.324799572E+000
   59  8.129993541E+000
   60  6.925367175E+000
   61  6.781755665E+000
   62  7.683905652E+000
   63  6.660115775E+000
   64  5.935242065E+000
   65  6.562248352E+000
   66  7.346990244E+000
   67  5.744977952E+000
   68  5.882770372E+000
   69  7.266832303E+000
   70  7.001802303E+000
   71  6.352609376E+000
   72  8.058609077E+000
   73  9.190925072E+000
   74  7.754789862E+000
   75  9.839268729E+000
   76  1.174520473E+001
   77  1.276613971E+001
   78  1.334259941E+001
   79  1.695263975E+001
   80  1.309681433E+001
   81  2.256276730E+001
   82  1.680090668E+001
   83  1.897163057E+001
   84  1.750750531E+001
   85  1.533044234E+001
   86  1.970408724E+001
   87  1.578887732E+001
   88  1.472612998E+001
   89  3.135768623E+001
   90  2.043231521E+001
   91  1.466061246E+001
   92  1.552925141E+001
   93  1.541164936E+001
   94  1.065282077E+001
   95  1.158610433E+001
   96  1.691182877E+001
   97  1.105350421E+001
   98  9.838007506E+000
   99  1.824056009E+001
  100  2.265875421E+001
  101  4.388695551E+001
  102  4.360119146E+001
  103  1.993523721E+001
  104  1.210185081E+001
  105  9.028441551E+000
  106  8.854817582E+000
  107  8.153131202E+000
  108  7.134879550E+000
  109  6.665892332E+000
  110  6.918970952E+000
  111  6.263201747E+000
  112  5.381330151E+000
  113  5.807956432E+000
  114  5.893781902E+000
  115  6.298181553E+000
  116  6.051321407E+000
  117  5.754472357E+000
  118  7.290262373E+000
  119  7.043214262E+000
  120  6.329073913E+000
  121  7.705303219E+000
  122  8.937126507E+000
  123  8.120569562E+000
  124  7.831299097E+000
  125  1.141805547E+001
  126  1.265084893E+001
  127  1.073174057E+001
  128  1.160492982E+001
  129  1.282585840E+001
  130  1.250483968E+001
