    1        66.78  88.730  0.6816
    2        54.51  78.440  0.6816
    3        55.13  70.490  0.6816
    4        37.62  55.690  0.6816
    5        32.44  52.820  0.6816
    6        41.40  53.700  0.6816
    7        38.92  44.530  0.6816
    8        26.83  44.870  0.6816
    9        28.79  43.570  0.6816
   10        34.69  36.640  0.6816
   11        29.32  33.940  0.6816
   12        25.22  38.220  0.6816
   13        31.26  35.580  0.6816
   14        32.00  36.820  0.6816
   15        25.33  31.830  0.6816
   16        26.33  29.500  0.6816
   17        30.46  33.820  0.6816
   18        30.22  43.230  0.6816
   19        29.27  46.750  0.6816
   20        39.99  51.690  0.6816
   21        53.18  52.920  0.6816
   22        44.57  65.480  0.6816
   23        58.84  69.160  0.6816
   24        61.69  59.220  0.6816
   25        63.67  50.050  0.6816
   26        48.67  36.310  0.6816
   27        47.23  35.150  0.6816
   28        30.80  28.500  0.6816
   29        29.52  39.420  0.6816
   30        35.73  68.860  0.6816
   31        32.84  81.880  0.6816
   32        43.99  73.070  0.6816
   33        41.48  58.270  0.6816
   34        34.71  39.070  0.6816
   35        28.32  31.460  0.6816
   36        31.80  35.930  0.6816
   37        28.00  26.910  0.6816
   38        24.03  20.750  0.6816
   39        23.57  24.490  0.6816
   40        28.11  26.300  0.6816
   41        22.46  29.640  0.6816
   42        21.23  25.740  0.6816
   43        25.48  28.630  0.6816
   44        23.98  24.750  0.6816
   45        19.82  31.270  0.6816
   46        22.53  34.260  0.6816
   47        27.85  35.840  0.6816
   48        24.39  35.540  0.6816
   49        25.44  31.090  0.6816
   50        33.38  42.590  0.6816
   51        40.08  41.560  0.6816
   52        39.40  38.310  0.6816
   53        54.65  35.160  0.6816
   54        50.89  30.790  0.6816
   55        60.37  35.170  0.6816
   56        38.98  38.050  0.6816
   57        30.37  35.210  0.6816
   58        36.12  33.610  0.6816
   59        31.78  42.010  0.6816
   60        26.36  37.350  0.6816
   61        25.79  37.760  0.6816
   62        29.84  35.660  0.6816
   63        26.12  35.900  0.6816
   64        23.26  34.040  0.6816
   65        25.79  32.290  0.6816
   66        28.53  29.130  0.6816
   67        22.32  33.570  0.6816
   68        22.55  24.600  0.6816
   69        28.43  26.860  0.6816
   70        26.48  26.290  0.6816
   71        23.97  26.690  0.6816
   72        30.09  32.000  0.6816
   73        34.32  30.820  0.6816
   74        29.29  33.370  0.6816
   75        37.81  35.560  0.6816
   76        45.77  45.120  0.6816
   77        49.36  52.280  0.6816
   78        52.93  51.710  0.6816
   79        66.25  58.660  0.6816
   80        51.96  63.940  0.6816
   81        89.42  71.640  0.6816
   82        63.71  54.630  0.6816
   83        73.51  52.100  0.6816
   84        69.97  60.990  0.6816
   85        63.66  50.340  0.6816
   86        81.85  51.200  0.6816
   87        73.20  48.900  0.6816
   88        63.20  49.250  0.6816
   89       118.11  63.770  0.6816
   90        79.96  60.030  0.6816
   91        57.88  50.670  0.6816
   92        66.96  55.580  0.6816
   93        65.23  50.470  0.6816
   94        44.09  47.830  0.6816
   95        47.14  41.440  0.6816
   96        67.33  32.660  0.6816
   97        42.09  34.760  0.6816
   98        38.16  41.000  0.6816
   99        76.11  61.820  0.6816
  100        91.95  77.990  0.6816
  101       183.42  84.220  0.6816
  102       180.37  70.360  0.6816
  103        84.45  56.510  0.6816
  104        47.85  50.380  0.6816
  105        35.43  45.900  0.6816
  106        33.79  39.710  0.6816
  107        31.64  39.640  0.6816
  108        26.88  32.800  0.6816
  109        25.08  31.990  0.6816
  110        26.13  31.850  0.6816
  111        23.89  29.850  0.6816
  112        20.60  23.070  0.6816
  113        21.99  24.840  0.6816
  114        22.98  33.360  0.6816
  115        24.41  26.450  0.6816
  116        23.47  24.410  0.6816
  117        22.09  24.410  0.6816
  118        27.74  35.650  0.6816
  119        27.14  33.330  0.6816
  120        23.80  28.170  0.6816
  121        28.42  33.850  0.6816
  122        34.91  24.810  0.6816
  123        31.69  31.080  0.6816
  124        29.75  33.110  0.6816
  125        46.04  40.850  0.6816
  126        49.78  43.340  0.6816
  127        41.35  46.290  0.6816
  128        45.40  46.560  0.6816
  129        49.05  54.860  0.6816
  130        49.10  50.240  0.6816
