    1  1.303711333E+002
    2  1.251003174E+002
    3  1.081469182E+002
    4  5.681517492E+001
    5  5.274820407E+001
    6  7.451758612E+001
    7  6.018613086E+001
    8  3.554055572E+001
    9  3.497382569E+001
   10  4.364953242E+001
   11  3.832609907E+001
   12  3.416453049E+001
   13  3.961431494E+001
   14  4.043922604E+001
   15  3.294613615E+001
   16  3.333593957E+001
   17  3.941256025E+001
   18  3.913266517E+001
   19  4.333893374E+001
   20  7.199310180E+001
   21  1.003398232E+002
   22  8.631291839E+001
   23  2.177716921E+002
   24  1.968894661E+002
   25  1.775960543E+002
   26  9.382239642E+001
   27  7.020226549E+001
   28  4.206897525E+001
   29  4.273580607E+001
   30  6.289746333E+001
   31  4.819782320E+001
   32  5.616429536E+001
   33  6.162693736E+001
   34  4.308420138E+001
   35  3.558016368E+001
   36  3.655734098E+001
   37  3.596439271E+001
   38  3.267042539E+001
   39  2.914888412E+001
   40  3.316569665E+001
   41  3.012046862E+001
   42  3.111616419E+001
   43  3.573108635E+001
   44  3.339550949E+001
   45  2.836468647E+001
   46  2.809215830E+001
   47  3.506401882E+001
   48  3.241806674E+001
   49  3.217880114E+001
   50  5.133669907E+001
   51  6.946597862E+001
   52  6.099801458E+001
   53  7.118663550E+001
   54  7.343044150E+001
   55  8.047924972E+001
   56  5.468220171E+001
   57  3.694146675E+001
   58  4.130231961E+001
   59  4.248825724E+001
   60  3.414450110E+001
   61  3.251901573E+001
   62  3.893920865E+001
   63  3.602678147E+001
   64  3.217966610E+001
   65  3.963608202E+001
   66  4.384353077E+001
   67  3.368966390E+001
   68  3.371565975E+001
   69  4.326690075E+001
   70  3.919277781E+001
   71  3.496006001E+001
   72  4.413867970E+001
   73  5.675119853E+001
   74  4.480533807E+001
   75  4.938664424E+001
   76  6.536608445E+001
   77  7.784322714E+001
   78  8.438225402E+001
   79  9.816388834E+001
   80  5.821614195E+001
   81  1.145150811E+002
   82  8.075903888E+001
   83  1.437573390E+002
   84  2.269910857E+002
   85  1.430540877E+002
   86  2.012003062E+002
   87  1.429636031E+002
   88  1.069591795E+002
   89  2.461700811E+002
   90  1.261413841E+002
   91  9.041110952E+001
   92  1.270101662E+002
   93  1.351078658E+002
   94  8.013825632E+001
   95  9.255962680E+001
   96  1.177690198E+002
   97  7.500037484E+001
   98  5.691944073E+001
   99  1.044901492E+002
  100  1.789352504E+002
  101  4.831863628E+002
  102  6.735173951E+002
  103  1.440281109E+002
  104  8.111932066E+001
  105  4.656207246E+001
  106  5.339145064E+001
  107  4.595126603E+001
  108  3.143649800E+001
  109  3.103532248E+001
  110  3.562086212E+001
  111  2.749042786E+001
  112  2.409584319E+001
  113  2.851646543E+001
  114  2.996793929E+001
  115  2.984671635E+001
  116  2.960275183E+001
  117  3.150505274E+001
  118  3.919528666E+001
  119  3.869431170E+001
  120  3.565589836E+001
  121  4.355740375E+001
  122  5.319795305E+001
  123  4.640036013E+001
  124  4.546971957E+001
  125  7.120086918E+001
  126  8.502605389E+001
  127  8.863498482E+001
  128  1.089517573E+002
  129  7.398880223E+001
  130  6.509864453E+001
