    1        67.99  88.730  0.6753
    2        54.26  78.440  0.6753
    3        55.07  70.490  0.6753
    4        36.48  55.690  0.6753
    5        30.86  52.820  0.6753
    6        39.85  53.700  0.6753
    7        38.14  44.530  0.6753
    8        26.30  44.870  0.6753
    9        28.34  43.570  0.6753
   10        34.76  36.640  0.6753
   11        29.13  33.940  0.6753
   12        24.99  38.220  0.6753
   13        30.68  35.580  0.6753
   14        30.61  36.820  0.6753
   15        25.07  31.830  0.6753
   16        25.85  29.500  0.6753
   17        30.81  33.820  0.6753
   18        29.85  43.230  0.6753
   19        28.17  46.750  0.6753
   20        39.36  51.690  0.6753
   21        55.10  52.920  0.6753
   22        46.06  65.480  0.6753
   23        59.52  69.160  0.6753
   24        65.41  59.220  0.6753
   25        67.36  50.050  0.6753
   26        53.68  36.310  0.6753
   27        46.45  35.150  0.6753
   28        31.66  28.500  0.6753
   29        30.81  39.420  0.6753
   30        37.99  68.860  0.6753
   31        35.85  81.880  0.6753
   32        46.15  73.070  0.6753
   33        40.02  58.270  0.6753
   34        33.87  39.070  0.6753
   35        27.57  31.460  0.6753
   36        30.58  35.930  0.6753
   37        26.86  26.910  0.6753
   38        23.98  20.750  0.6753
   39        23.22  24.490  0.6753
   40        27.92  26.300  0.6753
   41        22.39  29.640  0.6753
   42        21.37  25.740  0.6753
   43        25.52  28.630  0.6753
   44        23.80  24.750  0.6753
   45        19.71  31.270  0.6753
   46        21.45  34.260  0.6753
   47        26.81  35.840  0.6753
   48        23.83  35.540  0.6753
   49        25.54  31.090  0.6753
   50        33.29  42.590  0.6753
   51        38.70  41.560  0.6753
   52        39.88  38.310  0.6753
   53        53.70  35.160  0.6753
   54        51.88  30.790  0.6753
   55        62.19  35.170  0.6753
   56        36.79  38.050  0.6753
   57        29.12  35.210  0.6753
   58        34.19  33.610  0.6753
   59        30.56  42.010  0.6753
   60        25.46  37.350  0.6753
   61        26.13  37.760  0.6753
   62        29.56  35.660  0.6753
   63        24.89  35.900  0.6753
   64        22.77  34.040  0.6753
   65        25.70  32.290  0.6753
   66        27.92  29.130  0.6753
   67        21.82  33.570  0.6753
   68        22.61  24.600  0.6753
   69        28.63  26.860  0.6753
   70        26.04  26.290  0.6753
   71        23.15  26.690  0.6753
   72        29.40  32.000  0.6753
   73        33.70  30.820  0.6753
   74        28.81  33.370  0.6753
   75        35.51  35.560  0.6753
   76        43.71  45.120  0.6753
   77        48.33  52.280  0.6753
   78        49.75  51.710  0.6753
   79        63.88  58.660  0.6753
   80        50.55  63.940  0.6753
   81        90.17  71.640  0.6753
   82        63.51  54.630  0.6753
   83        81.28  52.100  0.6753
   84        73.80  60.990  0.6753
   85        68.42  50.340  0.6753
   86        79.52  51.200  0.6753
   87        71.78  48.900  0.6753
   88        66.37  49.250  0.6753
   89       129.78  63.770  0.6753
   90        79.81  60.030  0.6753
   91        55.55  50.670  0.6753
   92        64.23  55.580  0.6753
   93        64.66  50.470  0.6753
   94        42.87  47.830  0.6753
   95        45.32  41.440  0.6753
   96        66.00  32.660  0.6753
   97        42.46  34.760  0.6753
   98        36.43  41.000  0.6753
   99        75.01  61.820  0.6753
  100        92.02  77.990  0.6753
  101       197.47  84.220  0.6753
  102       190.89  70.360  0.6753
  103        82.30  56.510  0.6753
  104        49.50  50.380  0.6753
  105        34.14  45.900  0.6753
  106        33.43  39.710  0.6753
  107        29.90  39.640  0.6753
  108        25.16  32.800  0.6753
  109        23.87  31.990  0.6753
  110        25.48  31.850  0.6753
  111        22.21  29.850  0.6753
  112        19.79  23.070  0.6753
  113        21.33  24.840  0.6753
  114        21.77  33.360  0.6753
  115        24.05  26.450  0.6753
  116        22.70  24.410  0.6753
  117        21.89  24.410  0.6753
  118        27.36  35.650  0.6753
  119        26.19  33.330  0.6753
  120        23.54  28.170  0.6753
  121        28.40  33.850  0.6753
  122        34.79  24.810  0.6753
  123        30.33  31.080  0.6753
  124        28.48  33.110  0.6753
  125        44.71  40.850  0.6753
  126        47.97  43.340  0.6753
  127        40.35  46.290  0.6753
  128        43.40  46.560  0.6753
  129        50.48  54.860  0.6753
  130        49.32  50.240  0.6753
