    1  1.859765307E+002
    2  1.984061389E+002
    3  1.747500793E+002
    4  8.957700050E+001
    5  8.733475650E+001
    6  1.304868780E+002
    7  9.902491649E+001
    8  5.774733003E+001
    9  5.739670784E+001
   10  7.026351431E+001
   11  6.229974257E+001
   12  5.180601176E+001
   13  6.101721451E+001
   14  6.501825173E+001
   15  5.815862997E+001
   16  6.099325576E+001
   17  7.203689741E+001
   18  7.001191736E+001
   19  7.927471224E+001
   20  1.367152964E+002
   21  2.318333188E+002
   22  2.219951790E+002
   23  3.589713440E+002
   24  3.881262938E+002
   25  3.090665529E+002
   26  1.681199941E+002
   27  1.523849162E+002
   28  7.324582610E+001
   29  7.467541817E+001
   30  1.062859538E+002
   31  6.938168079E+001
   32  8.520636078E+001
   33  8.599446351E+001
   34  7.107938857E+001
   35  6.393181259E+001
   36  5.791225844E+001
   37  5.751179340E+001
   38  5.306907291E+001
   39  5.002368768E+001
   40  5.676852066E+001
   41  4.908371253E+001
   42  4.996885616E+001
   43  5.756678698E+001
   44  5.560694841E+001
   45  4.982582339E+001
   46  5.344897321E+001
   47  6.899371919E+001
   48  6.693554581E+001
   49  5.694636462E+001
   50  8.006948758E+001
   51  1.281474581E+002
   52  1.322153546E+002
   53  1.416821073E+002
   54  1.613763696E+002
   55  1.636568932E+002
   56  1.206618143E+002
   57  7.928486846E+001
   58  7.307771193E+001
   59  8.172020517E+001
   60  6.872171431E+001
   61  5.626552987E+001
   62  6.136627881E+001
   63  5.876867039E+001
   64  5.335316785E+001
   65  6.146409321E+001
   66  6.887270322E+001
   67  5.496114874E+001
   68  5.466099737E+001
   69  7.465726748E+001
   70  6.770388393E+001
   71  5.678190208E+001
   72  7.275233561E+001
   73  9.273868155E+001
   74  7.495192534E+001
   75  7.873968245E+001
   76  1.099243291E+002
   77  1.380254855E+002
   78  1.362532178E+002
   79  1.561556867E+002
   80  1.003348093E+002
   81  1.644593877E+002
   82  1.194050963E+002
   83  3.868760372E+002
   84  7.123636903E+002
   85  1.993555599E+002
   86  3.412686282E+002
   87  2.345615815E+002
   88  2.649246645E+002
   89  2.868697640E+003
   90  2.862456838E+002
   91  2.162717062E+002
   92  2.666570145E+002
   93  3.103221392E+002
   94  2.048249997E+002
   95  2.098806656E+002
   96  2.743141540E+002
   97  2.041202105E+002
   98  1.586410988E+002
   99  2.169404364E+002
  100  3.072474061E+002
  101  8.351848542E+002
  102  1.174498227E+003
  103  2.884083866E+002
  104  1.779971124E+002
  105  1.147631891E+002
  106  1.270016153E+002
  107  1.012519495E+002
  108  5.735654273E+001
  109  6.066355355E+001
  110  6.998095277E+001
  111  4.895714232E+001
  112  4.716757589E+001
  113  5.177672041E+001
  114  5.535514108E+001
  115  5.056322438E+001
  116  4.841965571E+001
  117  5.972042343E+001
  118  7.197690863E+001
  119  6.515975391E+001
  120  5.917791817E+001
  121  7.143843571E+001
  122  8.389446921E+001
  123  7.562862400E+001
  124  7.891815448E+001
  125  1.205533049E+002
  126  1.737107751E+002
  127  2.018766378E+002
  128  2.168335422E+002
  129  1.739646888E+002
  130  1.633102455E+002
