    1  4.956578349E+001
    2  4.269659053E+001
    3  4.103206367E+001
    4  2.289862444E+001
    5  2.058610472E+001
    6  3.006553447E+001
    7  2.727484516E+001
    8  1.771875834E+001
    9  1.833488677E+001
   10  2.140750403E+001
   11  1.823154194E+001
   12  1.684100817E+001
   13  1.978548859E+001
   14  2.000351315E+001
   15  1.714394444E+001
   16  1.797428013E+001
   17  2.069536323E+001
   18  1.915773919E+001
   19  2.007110275E+001
   20  3.275268496E+001
   21  4.900946128E+001
   22  4.297487774E+001
   23  6.874731463E+001
   24  6.704442139E+001
   25  6.472845953E+001
   26  3.922448122E+001
   27  3.593102762E+001
   28  2.488016956E+001
   29  2.131187905E+001
   30  3.036108332E+001
   31  2.559020781E+001
   32  3.076231386E+001
   33  3.003801988E+001
   34  2.212571662E+001
   35  1.967384761E+001
   36  2.096055566E+001
   37  1.851547016E+001
   38  1.597580116E+001
   39  1.463041224E+001
   40  1.767746548E+001
   41  1.487997142E+001
   42  1.431697257E+001
   43  1.738737678E+001
   44  1.574185883E+001
   45  1.278993631E+001
   46  1.428317741E+001
   47  1.796451999E+001
   48  1.554668049E+001
   49  1.547530083E+001
   50  2.214291177E+001
   51  2.889955346E+001
   52  2.959203610E+001
   53  4.070100444E+001
   54  4.130975499E+001
   55  4.012481918E+001
   56  2.383428402E+001
   57  1.944845207E+001
   58  2.193262829E+001
   59  1.966713632E+001
   60  1.570399152E+001
   61  1.638492381E+001
   62  1.915354055E+001
   63  1.734815084E+001
   64  1.532301217E+001
   65  1.818251260E+001
   66  1.953004057E+001
   67  1.513306497E+001
   68  1.580640531E+001
   69  2.034563965E+001
   70  1.799145149E+001
   71  1.533656401E+001
   72  1.944650570E+001
   73  2.247628526E+001
   74  1.808349140E+001
   75  2.206657905E+001
   76  3.011924650E+001
   77  3.506371049E+001
   78  3.558795764E+001
   79  4.283295321E+001
   80  3.216240581E+001
   81  5.339814628E+001
   82  4.105005820E+001
   83  7.074471776E+001
   84  8.244899571E+001
   85  6.070860191E+001
   86  9.474799218E+001
   87  7.113243900E+001
   88  5.716425630E+001
   89  1.312531614E+002
   90  6.156011385E+001
   91  4.567637386E+001
   92  5.904457020E+001
   93  6.494000610E+001
   94  4.101977707E+001
   95  4.587612250E+001
   96  6.066302571E+001
   97  3.592012659E+001
   98  2.762908697E+001
   99  6.077193533E+001
  100  6.602193859E+001
  101  2.611761602E+002
  102  1.724278400E+002
  103  7.822678628E+001
  104  4.210314069E+001
  105  2.466836695E+001
  106  2.572761700E+001
  107  2.182388151E+001
  108  1.582961014E+001
  109  1.539300145E+001
  110  1.701856323E+001
  111  1.448092358E+001
  112  1.275580323E+001
  113  1.398658572E+001
  114  1.473951257E+001
  115  1.507516916E+001
  116  1.490915007E+001
  117  1.485068551E+001
  118  1.817805399E+001
  119  1.774637874E+001
  120  1.571645892E+001
  121  2.120920787E+001
  122  2.588871107E+001
  123  2.194626949E+001
  124  2.042559519E+001
  125  3.469682129E+001
  126  3.683238065E+001
  127  3.230979866E+001
  128  3.707846571E+001
  129  3.557917466E+001
  130  3.465187111E+001
