    1  6.767612123E+001
    2  5.356846251E+001
    3  5.061956934E+001
    4  3.215774124E+001
    5  3.097510629E+001
    6  4.113454071E+001
    7  3.561400663E+001
    8  2.285484941E+001
    9  2.412832188E+001
   10  3.026341218E+001
   11  2.460411001E+001
   12  2.216519488E+001
   13  2.862602998E+001
   14  2.771160271E+001
   15  2.266731272E+001
   16  2.417681002E+001
   17  2.795827792E+001
   18  2.672831483E+001
   19  2.869359067E+001
   20  5.177659722E+001
   21  7.414793866E+001
   22  5.461187395E+001
   23  1.127198371E+002
   24  1.325790538E+002
   25  1.112085714E+002
   26  6.304640589E+001
   27  4.787913888E+001
   28  2.997177139E+001
   29  2.597334305E+001
   30  3.987810069E+001
   31  3.131118535E+001
   32  4.070105938E+001
   33  3.900336318E+001
   34  2.981250461E+001
   35  2.466595778E+001
   36  2.637438489E+001
   37  2.446667900E+001
   38  2.172501983E+001
   39  2.054704717E+001
   40  2.408624099E+001
   41  1.961309265E+001
   42  2.029837897E+001
   43  2.436350117E+001
   44  2.179508832E+001
   45  1.739266132E+001
   46  1.904680730E+001
   47  2.501894887E+001
   48  2.227904881E+001
   49  2.176408250E+001
   50  3.101409948E+001
   51  4.122122803E+001
   52  3.918124341E+001
   53  5.301372840E+001
   54  5.394809999E+001
   55  5.817182681E+001
   56  3.569384324E+001
   57  2.503362357E+001
   58  2.944173774E+001
   59  2.803621842E+001
   60  2.153947408E+001
   61  2.116871527E+001
   62  2.628760460E+001
   63  2.385737294E+001
   64  2.193915282E+001
   65  2.763992845E+001
   66  2.891116010E+001
   67  2.084665914E+001
   68  2.283046675E+001
   69  3.034733411E+001
   70  2.496600128E+001
   71  2.081460135E+001
   72  2.692969531E+001
   73  2.904888830E+001
   74  2.306484252E+001
   75  2.684546027E+001
   76  3.659384692E+001
   77  4.450924071E+001
   78  4.711500057E+001
   79  5.647607236E+001
   80  4.211182928E+001
   81  6.961718109E+001
   82  5.105368725E+001
   83  1.006489279E+002
   84  1.291776465E+002
   85  9.428550730E+001
   86  1.405110331E+002
   87  9.176371758E+001
   88  7.380140086E+001
   89  1.899054003E+002
   90  8.083310513E+001
   91  6.243424902E+001
   92  8.711498531E+001
   93  9.797874409E+001
   94  5.745301672E+001
   95  6.188246115E+001
   96  8.267185169E+001
   97  5.243399312E+001
   98  4.337809478E+001
   99  8.153165788E+001
  100  1.051597568E+002
  101  3.461445181E+002
  102  4.555868824E+002
  103  1.000893059E+002
  104  6.038540414E+001
  105  3.376069767E+001
  106  3.820871979E+001
  107  3.126399445E+001
  108  2.158217585E+001
  109  2.061739375E+001
  110  2.338295991E+001
  111  1.946855345E+001
  112  1.665703316E+001
  113  1.894873886E+001
  114  2.011824417E+001
  115  2.128060533E+001
  116  2.063642192E+001
  117  2.062509146E+001
  118  2.731738672E+001
  119  2.563049675E+001
  120  2.162344020E+001
  121  2.915190577E+001
  122  3.612734402E+001
  123  2.836080318E+001
  124  2.694190097E+001
  125  4.557722788E+001
  126  4.665503054E+001
  127  4.120321111E+001
  128  4.804295288E+001
  129  4.516100216E+001
  130  4.517877092E+001
