    1        58.48  88.730 -0.0821
    2        77.40  78.440 -0.0821
    3        54.57  70.490 -0.0821
    4        59.06  55.690 -0.0821
    5        88.46  52.820 -0.0821
    6        75.65  53.700 -0.0821
    7        58.41  44.530 -0.0821
    8        83.56  44.870 -0.0821
    9        93.51  43.570 -0.0821
   10        66.76  36.640 -0.0821
   11        66.06  33.940 -0.0821
   12        91.93  38.220 -0.0821
   13        76.67  35.580 -0.0821
   14        53.05  36.820 -0.0821
   15        72.87  31.830 -0.0821
   16        82.57  29.500 -0.0821
   17        49.06  33.820 -0.0821
   18        42.31  43.230 -0.0821
   19        67.28  46.750 -0.0821
   20        46.22  51.690 -0.0821
   21        10.91  52.920 -0.0821
   22        31.27  65.480 -0.0821
   23        12.30  69.160 -0.0821
   24        -4.28  59.220 -0.0821
   25       -74.16  50.050 -0.0821
   26       -15.40  36.310 -0.0821
   27       -28.29  35.150 -0.0821
   28         7.81  28.500 -0.0821
   29       -38.55  39.420 -0.0821
   30       -77.87  68.860 -0.0821
   31        -9.03  81.880 -0.0821
   32       -43.88  73.070 -0.0821
   33       -29.09  58.270 -0.0821
   34       -41.91  39.070 -0.0821
   35       -10.50  31.460 -0.0821
   36       -80.67  35.930 -0.0821
   37       -69.80  26.910 -0.0821
   38         5.71  20.750 -0.0821
   39       -26.05  24.490 -0.0821
   40       -87.80  26.300 -0.0821
   41       -30.60  29.640 -0.0821
   42         5.08  25.740 -0.0821
   43       -66.68  28.630 -0.0821
   44       -74.17  24.750 -0.0821
   45        -7.14  31.270 -0.0821
   46       -39.13  34.260 -0.0821
   47      -103.57  35.840 -0.0821
   48       -52.55  35.540 -0.0821
   49       -21.15  31.090 -0.0821
   50       -94.70  42.590 -0.0821
   51      -106.15  41.560 -0.0821
   52       -47.66  38.310 -0.0821
   53       -66.87  35.160 -0.0821
   54       -47.92  30.790 -0.0821
   55       -64.21  35.170 -0.0821
   56        -3.04  38.050 -0.0821
   57         6.30  35.210 -0.0821
   58       -52.85  33.610 -0.0821
   59       -30.68  42.010 -0.0821
   60        26.52  37.350 -0.0821
   61        -9.52  37.760 -0.0821
   62       -43.35  35.660 -0.0821
   63        15.25  35.900 -0.0821
   64        26.39  34.040 -0.0821
   65       -31.67  32.290 -0.0821
   66        -8.42  29.130 -0.0821
   67        42.80  33.570 -0.0821
   68         1.00  24.600 -0.0821
   69       -28.73  26.860 -0.0821
   70        27.42  26.290 -0.0821
   71        27.83  26.690 -0.0821
   72       -36.17  32.000 -0.0821
   73       -21.55  30.820 -0.0821
   74        24.00  33.370 -0.0821
   75       -28.16  35.560 -0.0821
   76       -66.53  45.120 -0.0821
   77       -17.04  52.280 -0.0821
   78       -20.50  51.710 -0.0821
   79       -99.57  58.660 -0.0821
   80      -125.56  63.940 -0.0821
   81      -176.95  71.640 -0.0821
   82      -145.67  54.630 -0.0821
   83      -244.07  52.100 -0.0821
   84      -266.15  60.990 -0.0821
   85      -208.40  50.340 -0.0821
   86      -169.87  51.200 -0.0821
   87      1294.40  48.900 -0.0821
   88      4329.51  49.250 -0.0821
   89      6071.03  63.770 -0.0821
   90      -533.57  60.030 -0.0821
   91      -727.95  50.670 -0.0821
   92      -722.07  55.580 -0.0821
   93      -673.82  50.470 -0.0821
   94      -750.19  47.830 -0.0821
   95      -819.12  41.440 -0.0821
   96      -789.00  32.660 -0.0821
   97      -269.09  34.760 -0.0821
   98       -48.54  41.000 -0.0821
   99      -148.42  61.820 -0.0821
  100      -122.77  77.990 -0.0821
  101      -100.71  84.220 -0.0821
  102       -26.57  70.360 -0.0821
  103         4.11  56.510 -0.0821
  104        14.12  50.380 -0.0821
  105         1.00  45.900 -0.0821
  106        30.10  39.710 -0.0821
  107        48.92  39.640 -0.0821
  108        29.86  32.800 -0.0821
  109        34.48  31.990 -0.0821
  110        65.90  31.850 -0.0821
  111        61.61  29.850 -0.0821
  112        42.58  23.070 -0.0821
  113        66.02  24.840 -0.0821
  114        82.47  33.360 -0.0821
  115        58.02  26.450 -0.0821
  116        57.57  24.410 -0.0821
  117        88.09  24.410 -0.0821
  118        79.01  35.650 -0.0821
  119        54.94  33.330 -0.0821
  120        75.18  28.170 -0.0821
  121        90.22  33.850 -0.0821
  122        63.27  24.810 -0.0821
  123        48.87  31.080 -0.0821
  124        77.75  33.110 -0.0821
  125        72.93  40.850 -0.0821
  126        36.30  43.340 -0.0821
  127        50.79  46.290 -0.0821
  128        13.28  46.560 -0.0821
  129       -46.33  54.860 -0.0821
  130       -68.59  50.240 -0.0821
