    1        72.61  88.730  0.6984
    2        55.09  78.440  0.6984
    3        57.87  70.490  0.6984
    4        40.76  55.690  0.6984
    5        34.74  52.820  0.6984
    6        44.10  53.700  0.6984
    7        42.26  44.530  0.6984
    8        29.30  44.870  0.6984
    9        29.60  43.570  0.6984
   10        36.91  36.640  0.6984
   11        29.35  33.940  0.6984
   12        25.84  38.220  0.6984
   13        29.63  35.580  0.6984
   14        32.23  36.820  0.6984
   15        26.30  31.830  0.6984
   16        27.06  29.500  0.6984
   17        32.17  33.820  0.6984
   18        30.62  43.230  0.6984
   19        29.97  46.750  0.6984
   20        40.51  51.690  0.6984
   21        55.15  52.920  0.6984
   22        44.83  65.480  0.6984
   23        56.55  69.160  0.6984
   24        60.27  59.220  0.6984
   25        58.80  50.050  0.6984
   26        45.96  36.310  0.6984
   27        43.61  35.150  0.6984
   28        29.68  28.500  0.6984
   29        29.39  39.420  0.6984
   30        35.38  68.860  0.6984
   31        32.48  81.880  0.6984
   32        41.22  73.070  0.6984
   33        37.48  58.270  0.6984
   34        36.03  39.070  0.6984
   35        29.93  31.460  0.6984
   36        33.75  35.930  0.6984
   37        29.54  26.910  0.6984
   38        25.69  20.750  0.6984
   39        25.05  24.490  0.6984
   40        29.60  26.300  0.6984
   41        23.52  29.640  0.6984
   42        22.46  25.740  0.6984
   43        26.99  28.630  0.6984
   44        26.43  24.750  0.6984
   45        21.27  31.270  0.6984
   46        23.48  34.260  0.6984
   47        29.37  35.840  0.6984
   48        25.97  35.540  0.6984
   49        27.24  31.090  0.6984
   50        35.01  42.590  0.6984
   51        40.28  41.560  0.6984
   52        38.29  38.310  0.6984
   53        51.29  35.160  0.6984
   54        52.05  30.790  0.6984
   55        63.27  35.170  0.6984
   56        40.13  38.050  0.6984
   57        31.91  35.210  0.6984
   58        37.98  33.610  0.6984
   59        33.76  42.010  0.6984
   60        28.22  37.350  0.6984
   61        26.92  37.760  0.6984
   62        30.96  35.660  0.6984
   63        27.32  35.900  0.6984
   64        23.94  34.040  0.6984
   65        26.18  32.290  0.6984
   66        28.75  29.130  0.6984
   67        23.84  33.570  0.6984
   68        24.70  24.600  0.6984
   69        30.38  26.860  0.6984
   70        28.76  26.290  0.6984
   71        27.04  26.690  0.6984
   72        33.67  32.000  0.6984
   73        37.06  30.820  0.6984
   74        32.22  33.370  0.6984
   75        40.54  35.560  0.6984
   76        47.18  45.120  0.6984
   77        50.45  52.280  0.6984
   78        52.67  51.710  0.6984
   79        65.88  58.660  0.6984
   80        51.06  63.940  0.6984
   81        86.71  71.640  0.6984
   82        65.93  54.630  0.6984
   83        73.79  52.100  0.6984
   84        67.26  60.990  0.6984
   85        62.51  50.340  0.6984
   86        72.33  51.200  0.6984
   87        60.89  48.900  0.6984
   88        58.48  49.250  0.6984
   89       109.17  63.770  0.6984
   90        80.83  60.030  0.6984
   91        56.11  50.670  0.6984
   92        62.15  55.580  0.6984
   93        63.46  50.470  0.6984
   94        43.98  47.830  0.6984
   95        46.09  41.440  0.6984
   96        68.09  32.660  0.6984
   97        42.56  34.760  0.6984
   98        38.23  41.000  0.6984
   99        69.45  61.820  0.6984
  100        87.39  77.990  0.6984
  101       157.82  84.220  0.6984
  102       159.62  70.360  0.6984
  103        79.38  56.510  0.6984
  104        48.75  50.380  0.6984
  105        37.26  45.900  0.6984
  106        36.62  39.710  0.6984
  107        33.42  39.640  0.6984
  108        29.25  32.800  0.6984
  109        27.88  31.990  0.6984
  110        28.07  31.850  0.6984
  111        25.49  29.850  0.6984
  112        21.83  23.070  0.6984
  113        24.04  24.840  0.6984
  114        23.91  33.360  0.6984
  115        25.58  26.450  0.6984
  116        23.87  24.410  0.6984
  117        23.62  24.410  0.6984
  118        29.10  35.650  0.6984
  119        28.19  33.330  0.6984
  120        25.56  28.170  0.6984
  121        30.07  33.850  0.6984
  122        35.52  24.810  0.6984
  123        32.48  31.080  0.6984
  124        31.90  33.110  0.6984
  125        45.27  40.850  0.6984
  126        49.74  43.340  0.6984
  127        44.12  46.290  0.6984
  128        46.05  46.560  0.6984
  129        53.18  54.860  0.6984
  130        47.15  50.240  0.6984
