    1        66.61  88.730  0.6750
    2        56.19  78.440  0.6750
    3        56.84  70.490  0.6750
    4        36.71  55.690  0.6750
    5        30.68  52.820  0.6750
    6        39.58  53.700  0.6750
    7        38.77  44.530  0.6750
    8        26.08  44.870  0.6750
    9        27.36  43.570  0.6750
   10        33.85  36.640  0.6750
   11        27.69  33.940  0.6750
   12        24.14  38.220  0.6750
   13        29.57  35.580  0.6750
   14        29.89  36.820  0.6750
   15        25.35  31.830  0.6750
   16        25.48  29.500  0.6750
   17        30.53  33.820  0.6750
   18        29.41  43.230  0.6750
   19        28.44  46.750  0.6750
   20        42.97  51.690  0.6750
   21        57.87  52.920  0.6750
   22        43.47  65.480  0.6750
   23        56.94  69.160  0.6750
   24        67.19  59.220  0.6750
   25        70.41  50.050  0.6750
   26        50.36  36.310  0.6750
   27        47.85  35.150  0.6750
   28        31.28  28.500  0.6750
   29        30.01  39.420  0.6750
   30        36.92  68.860  0.6750
   31        36.76  81.880  0.6750
   32        48.42  73.070  0.6750
   33        45.72  58.270  0.6750
   34        32.50  39.070  0.6750
   35        26.53  31.460  0.6750
   36        30.09  35.930  0.6750
   37        26.92  26.910  0.6750
   38        22.94  20.750  0.6750
   39        22.25  24.490  0.6750
   40        27.58  26.300  0.6750
   41        22.43  29.640  0.6750
   42        21.38  25.740  0.6750
   43        24.67  28.630  0.6750
   44        22.72  24.750  0.6750
   45        18.33  31.270  0.6750
   46        20.60  34.260  0.6750
   47        26.72  35.840  0.6750
   48        23.27  35.540  0.6750
   49        23.46  31.090  0.6750
   50        33.36  42.590  0.6750
   51        38.32  41.560  0.6750
   52        37.99  38.310  0.6750
   53        55.83  35.160  0.6750
   54        50.19  30.790  0.6750
   55        57.01  35.170  0.6750
   56        35.88  38.050  0.6750
   57        28.04  35.210  0.6750
   58        33.35  33.610  0.6750
   59        29.11  42.010  0.6750
   60        24.11  37.350  0.6750
   61        25.36  37.760  0.6750
   62        28.77  35.660  0.6750
   63        24.85  35.900  0.6750
   64        22.29  34.040  0.6750
   65        26.18  32.290  0.6750
   66        29.37  29.130  0.6750
   67        21.83  33.570  0.6750
   68        22.15  24.600  0.6750
   69        27.42  26.860  0.6750
   70        25.59  26.290  0.6750
   71        21.65  26.690  0.6750
   72        28.66  32.000  0.6750
   73        34.00  30.820  0.6750
   74        27.05  33.370  0.6750
   75        33.80  35.560  0.6750
   76        43.05  45.120  0.6750
   77        47.58  52.280  0.6750
   78        50.70  51.710  0.6750
   79        62.05  58.660  0.6750
   80        50.14  63.940  0.6750
   81        85.55  71.640  0.6750
   82        63.08  54.630  0.6750
   83        83.31  52.100  0.6750
   84        78.45  60.990  0.6750
   85        69.02  50.340  0.6750
   86        86.38  51.200  0.6750
   87        77.71  48.900  0.6750
   88        66.18  49.250  0.6750
   89       121.30  63.770  0.6750
   90        82.07  60.030  0.6750
   91        59.66  50.670  0.6750
   92        68.41  55.580  0.6750
   93        70.01  50.470  0.6750
   94        42.73  47.830  0.6750
   95        48.45  41.440  0.6750
   96        65.16  32.660  0.6750
   97        41.88  34.760  0.6750
   98        35.65  41.000  0.6750
   99        69.72  61.820  0.6750
  100        86.96  77.990  0.6750
  101       214.16  84.220  0.6750
  102       189.09  70.360  0.6750
  103        92.11  56.510  0.6750
  104        51.44  50.380  0.6750
  105        33.54  45.900  0.6750
  106        33.41  39.710  0.6750
  107        28.82  39.640  0.6750
  108        24.50  32.800  0.6750
  109        23.03  31.990  0.6750
  110        24.98  31.850  0.6750
  111        21.57  29.850  0.6750
  112        19.24  23.070  0.6750
  113        20.54  24.840  0.6750
  114        21.79  33.360  0.6750
  115        23.54  26.450  0.6750
  116        22.04  24.410  0.6750
  117        20.53  24.410  0.6750
  118        25.80  35.650  0.6750
  119        24.79  33.330  0.6750
  120        22.27  28.170  0.6750
  121        29.10  33.850  0.6750
  122        35.93  24.810  0.6750
  123        30.53  31.080  0.6750
  124        29.51  33.110  0.6750
  125        43.87  40.850  0.6750
  126        46.93  43.340  0.6750
  127        41.49  46.290  0.6750
  128        43.12  46.560  0.6750
  129        49.56  54.860  0.6750
  130        49.51  50.240  0.6750
