    1  1.882072497E+001
    2  1.536325099E+001
    3  1.553602729E+001
    4  1.060265247E+001
    5  9.141458117E+000
    6  1.166769789E+001
    7  1.096805649E+001
    8  7.560059644E+000
    9  8.113743669E+000
   10  9.776288265E+000
   11  8.262846500E+000
   12  7.107433103E+000
   13  8.809712959E+000
   14  9.018616907E+000
   15  7.139593414E+000
   16  7.420222763E+000
   17  8.583859390E+000
   18  8.517446411E+000
   19  8.250443338E+000
   20  1.127146105E+001
   21  1.498652562E+001
   22  1.256185159E+001
   23  1.658292711E+001
   24  1.738712607E+001
   25  1.794438769E+001
   26  1.371777653E+001
   27  1.331142160E+001
   28  8.681579093E+000
   29  8.319564167E+000
   30  1.006871104E+001
   31  9.255519098E+000
   32  1.239736768E+001
   33  1.168979044E+001
   34  9.781475443E+000
   35  7.982357176E+000
   36  8.962572889E+000
   37  7.891939569E+000
   38  6.771503154E+000
   39  6.642581215E+000
   40  7.922414299E+000
   41  6.329327010E+000
   42  5.982189112E+000
   43  7.181081001E+000
   44  6.757493741E+000
   45  5.584501485E+000
   46  6.350366256E+000
   47  7.849966118E+000
   48  6.872406605E+000
   49  7.168922196E+000
   50  9.406397849E+000
   51  1.129678745E+001
   52  1.110313491E+001
   53  1.540092647E+001
   54  1.434315270E+001
   55  1.701488112E+001
   56  1.098693013E+001
   57  8.558194218E+000
   58  1.018031993E+001
   59  8.955692600E+000
   60  7.429959282E+000
   61  7.268158422E+000
   62  8.408407432E+000
   63  7.361702823E+000
   64  6.554165814E+000
   65  7.268603351E+000
   66  8.041522205E+000
   67  6.290641784E+000
   68  6.356550838E+000
   69  8.012892315E+000
   70  7.463474770E+000
   71  6.756520836E+000
   72  8.479904392E+000
   73  9.672061140E+000
   74  8.253755928E+000
   75  1.065472660E+001
   76  1.289975123E+001
   77  1.391066047E+001
   78  1.491803570E+001
   79  1.867212367E+001
   80  1.464366553E+001
   81  2.520114212E+001
   82  1.795467735E+001
   83  2.071781571E+001
   84  1.971879064E+001
   85  1.794013878E+001
   86  2.306709336E+001
   87  2.063122834E+001
   88  1.781175872E+001
   89  3.328591966E+001
   90  2.253460023E+001
   91  1.631271688E+001
   92  1.887207087E+001
   93  1.838358229E+001
   94  1.242639217E+001
   95  1.328532752E+001
   96  1.897588356E+001
   97  1.186186741E+001
   98  1.075318463E+001
   99  2.144999232E+001
  100  2.591433179E+001
  101  5.169299319E+001
  102  5.083329489E+001
  103  2.379991496E+001
  104  1.348417251E+001
  105  9.985754528E+000
  106  9.523294486E+000
  107  8.916697359E+000
  108  7.576055410E+000
  109  7.068950484E+000
  110  7.363119814E+000
  111  6.734162462E+000
  112  5.806194784E+000
  113  6.198095776E+000
  114  6.475843075E+000
  115  6.878427964E+000
  116  6.615440732E+000
  117  6.224905631E+000
  118  7.817648404E+000
  119  7.647692509E+000
  120  6.706167015E+000
  121  8.009252123E+000
  122  9.839337165E+000
  123  8.930944351E+000
  124  8.384036707E+000
  125  1.297434313E+001
  126  1.402898632E+001
  127  1.165483721E+001
  128  1.279501290E+001
  129  1.382384377E+001
  130  1.383887720E+001
