    1 -8.325958937E+013
    2 -1.101848403E+014
    3 -7.768759136E+013
    4 -8.407335403E+013
    5 -1.259328404E+014
    6 -1.077011434E+014
    7 -8.316133500E+013
    8 -1.189523457E+014
    9 -1.331231208E+014
   10 -9.504360336E+013
   11 -9.404111813E+013
   12 -1.308782294E+014
   13 -1.091541193E+014
   14 -7.552792505E+013
   15 -1.037464850E+014
   16 -1.175433307E+014
   17 -6.984629520E+013
   18 -6.023743236E+013
   19 -9.578080102E+013
   20 -6.580046024E+013
   21 -1.553875249E+013
   22 -4.451438904E+013
   23 -1.751230782E+013
   24  6.092004888E+012
   25  1.055736929E+014
   26  2.192534070E+013
   27  4.027617213E+013
   28 -1.111875984E+013
   29  5.487438267E+013
   30  1.108586912E+014
   31  1.284978325E+013
   32  6.246636627E+013
   33  4.141369294E+013
   34  5.966651999E+013
   35  1.494642592E+013
   36  1.148469179E+014
   37  9.936996244E+013
   38 -8.136079211E+012
   39  3.709153298E+013
   40  1.249910746E+014
   41  4.355706173E+013
   42 -7.227970928E+012
   43  9.492789734E+013
   44  1.055883009E+014
   45  1.016350613E+013
   46  5.570272160E+013
   47  1.474454518E+014
   48  7.481511691E+013
   49  3.010779190E+013
   50  1.348174380E+014
   51  1.511130818E+014
   52  6.785504665E+013
   53  9.519849828E+013
   54  6.822256803E+013
   55  9.140684928E+013
   56  4.321934830E+012
   57 -8.970505562E+012
   58  7.524380538E+013
   59  4.367846805E+013
   60 -3.775384384E+013
   61  1.355446409E+013
   62  6.171650571E+013
   63 -2.170419890E+013
   64 -3.756671136E+013
   65  4.509177313E+013
   66  1.198896450E+013
   67 -6.092986782E+013
   68 -1.422563318E+012
   69  4.090254625E+013
   70 -3.903504397E+013
   71 -3.962445746E+013
   72  5.148953703E+013
   73  3.068360057E+013
   74 -3.417006322E+013
   75  4.009168359E+013
   76  9.471277322E+013
   77  2.426585800E+013
   78  2.918257496E+013
   79  1.417541597E+014
   80  1.787559609E+014
   81  2.519182444E+014
   82  2.073846953E+014
   83  3.474742465E+014
   84  3.788967122E+014
   85  2.966877682E+014
   86  2.418314431E+014
   87 -1.842761766E+015
   88 -6.163662090E+015
   89 -8.642950151E+015
   90  7.596090848E+014
   91  1.036338037E+015
   92  1.027972561E+015
   93  9.592760431E+014
   94  1.068003067E+015
   95  1.166126044E+015
   96  1.123253454E+015
   97  3.830808881E+014
   98  6.910287742E+013
   99  2.112918732E+014
  100  1.747820922E+014
  101  1.433800746E+014
  102  3.782397722E+013
  103 -5.856672644E+012
  104 -2.010762963E+013
  105 -1.428590914E+012
  106 -4.284945841E+013
  107 -6.964193021E+013
  108 -4.250741633E+013
  109 -4.908993505E+013
  110 -9.381309051E+013
  111 -8.771592633E+013
  112 -6.062020888E+013
  113 -9.399167664E+013
  114 -1.174024905E+014
  115 -8.260639138E+013
  116 -8.196221933E+013
  117 -1.254110276E+014
  118 -1.124805470E+014
  119 -7.821071955E+013
  120 -1.070356655E+014
  121 -1.284341573E+014
  122 -9.007781933E+013
  123 -6.957826034E+013
  124 -1.106816277E+014
  125 -1.038203370E+014
  126 -5.167113948E+013
  127 -7.230504421E+013
  128 -1.890463527E+013
  129  6.596381448E+013
  130  9.765047936E+013
