    1  3.546134413E+002
    2  3.358740970E+002
    3  2.765930991E+002
    4  1.753511888E+002
    5  1.798586126E+002
    6  2.140953925E+002
    7  1.522256362E+002
    8  1.092398070E+002
    9  1.305771221E+002
   10  1.358823289E+002
   11  1.019237574E+002
   12  1.002635984E+002
   13  1.367727246E+002
   14  1.265198436E+002
   15  1.089047120E+002
   16  1.330242721E+002
   17  1.571592527E+002
   18  1.371073313E+002
   19  1.919009032E+002
   20  3.187654442E+002
   21  4.048851965E+002
   22  3.705778262E+002
   23  7.786881486E+002
   24  1.012822271E+003
   25  6.271291801E+002
   26  3.228896432E+002
   27  2.743634351E+002
   28  1.672669513E+002
   29  2.134657601E+002
   30  2.306692845E+002
   31  1.582238550E+002
   32  1.966054702E+002
   33  1.791262162E+002
   34  1.621404053E+002
   35  1.505487902E+002
   36  1.538052720E+002
   37  1.291087618E+002
   38  1.150397487E+002
   39  1.102105009E+002
   40  1.268064837E+002
   41  1.158340161E+002
   42  1.091633911E+002
   43  1.224141245E+002
   44  1.286307412E+002
   45  1.236652287E+002
   46  1.107049491E+002
   47  1.209489882E+002
   48  1.472154587E+002
   49  1.488158105E+002
   50  1.593163354E+002
   51  2.339299754E+002
   52  2.518208250E+002
   53  2.557478730E+002
   54  3.398002485E+002
   55  3.509084101E+002
   56  2.991101253E+002
   57  2.212714254E+002
   58  2.016733555E+002
   59  2.283498199E+002
   60  1.802918597E+002
   61  1.442249648E+002
   62  1.595080967E+002
   63  1.375139833E+002
   64  1.250326018E+002
   65  1.602670800E+002
   66  1.617212761E+002
   67  1.108643927E+002
   68  1.190185732E+002
   69  1.462703064E+002
   70  1.300270289E+002
   71  1.244878949E+002
   72  1.624768019E+002
   73  1.955682276E+002
   74  1.619255293E+002
   75  1.465206005E+002
   76  2.104351386E+002
   77  2.792603733E+002
   78  2.588705748E+002
   79  2.639657402E+002
   80  1.980425225E+002
   81  3.390042665E+002
   82  2.350712048E+002
   83  6.471393798E+002
   84  1.254142294E+003
   85  6.787671796E+002
   86  7.852875357E+002
   87  5.476111265E+002
   88  5.689650228E+002
   89  4.174079063E+003
   90  9.080745458E+002
   91  8.198536841E+002
   92  7.273865276E+002
   93  1.195948852E+003
   94  9.558246674E+002
   95  7.488331919E+002
   96  1.365536804E+003
   97  1.353466809E+003
   98  6.643514444E+002
   99  6.204419097E+002
  100  6.424700438E+002
  101  1.335262216E+003
  102  1.666481144E+003
  103  5.163670105E+002
  104  3.856636018E+002
  105  3.240725054E+002
  106  4.191073528E+002
  107  2.494538086E+002
  108  1.195982797E+002
  109  1.777694007E+002
  110  1.998768472E+002
  111  1.118258308E+002
  112  1.072566323E+002
  113  1.202783164E+002
  114  1.100003925E+002
  115  1.049107589E+002
  116  1.083040352E+002
  117  1.111677977E+002
  118  1.271676726E+002
  119  1.253092001E+002
  120  1.191124003E+002
  121  1.625877505E+002
  122  1.815604526E+002
  123  1.664613567E+002
  124  2.851188816E+002
  125  4.269646740E+002
  126  3.616996568E+002
  127  3.795419947E+002
  128  3.615218306E+002
  129  3.087609669E+002
  130  2.905836878E+002
