    1  2.176884108E+001
    2  1.737305260E+001
    3  1.763165186E+001
    4  1.167995594E+001
    5  9.879588580E+000
    6  1.275904370E+001
    7  1.221291837E+001
    8  8.419306016E+000
    9  9.073433871E+000
   10  1.112966653E+001
   11  9.328577791E+000
   12  8.000953409E+000
   13  9.824744570E+000
   14  9.799911789E+000
   15  8.027266709E+000
   16  8.278088154E+000
   17  9.865217969E+000
   18  9.556243017E+000
   19  9.018734091E+000
   20  1.260398109E+001
   21  1.764241943E+001
   22  1.474814286E+001
   23  1.905808423E+001
   24  2.094302106E+001
   25  2.156789864E+001
   26  1.718768969E+001
   27  1.487377144E+001
   28  1.013820416E+001
   29  9.864749712E+000
   30  1.216345826E+001
   31  1.147897458E+001
   32  1.477782792E+001
   33  1.281371681E+001
   34  1.084377844E+001
   35  8.826745461E+000
   36  9.792692982E+000
   37  8.600993991E+000
   38  7.677540309E+000
   39  7.434543062E+000
   40  8.940354332E+000
   41  7.169581155E+000
   42  6.842466669E+000
   43  8.170832025E+000
   44  7.621145433E+000
   45  6.310687024E+000
   46  6.868347571E+000
   47  8.585488548E+000
   48  7.630689234E+000
   49  8.176771518E+000
   50  1.065882733E+001
   51  1.238961880E+001
   52  1.276779336E+001
   53  1.719349473E+001
   54  1.661073912E+001
   55  1.991233571E+001
   56  1.177860956E+001
   57  9.322236142E+000
   58  1.094832431E+001
   59  9.785390593E+000
   60  8.153057081E+000
   61  8.366662982E+000
   62  9.466014756E+000
   63  7.968458446E+000
   64  7.291742709E+000
   65  8.228312835E+000
   66  8.940781216E+000
   67  6.986849725E+000
   68  7.238982176E+000
   69  9.166305365E+000
   70  8.338785462E+000
   71  7.411435742E+000
   72  9.413168261E+000
   73  1.079022128E+001
   74  9.223836437E+000
   75  1.137029156E+001
   76  1.399388714E+001
   77  1.547580165E+001
   78  1.592903371E+001
   79  2.045256449E+001
   80  1.618634668E+001
   81  2.887221996E+001
   82  2.033553578E+001
   83  2.602404795E+001
   84  2.362887336E+001
   85  2.190606739E+001
   86  2.546178268E+001
   87  2.298166625E+001
   88  2.124998062E+001
   89  4.155263637E+001
   90  2.555267127E+001
   91  1.778766897E+001
   92  2.056424312E+001
   93  2.070303017E+001
   94  1.372499668E+001
   95  1.451107085E+001
   96  2.113187576E+001
   97  1.359533519E+001
   98  1.166353720E+001
   99  2.401732926E+001
  100  2.946301531E+001
  101  6.322880033E+001
  102  6.111885746E+001
  103  2.635229236E+001
  104  1.584881221E+001
  105  1.093216402E+001
  106  1.070266454E+001
  107  9.573050296E+000
  108  8.054915680E+000
  109  7.643053411E+000
  110  8.156906877E+000
  111  7.109749965E+000
  112  6.337606496E+000
  113  6.828810872E+000
  114  6.971910776E+000
  115  7.700887165E+000
  116  7.267604693E+000
  117  7.008096905E+000
  118  8.761734999E+000
  119  8.385737266E+000
  120  7.537769254E+000
  121  9.093158818E+000
  122  1.114086717E+001
  123  9.710419360E+000
  124  9.118731768E+000
  125  1.431526312E+001
  126  1.535923374E+001
  127  1.291862413E+001
  128  1.389740746E+001
  129  1.616441641E+001
  130  1.579163457E+001
