    1        73.18  88.730  0.7032
    2        57.30  78.440  0.7032
    3        57.28  70.490  0.7032
    4        41.16  55.690  0.7032
    5        35.74  52.820  0.7032
    6        45.03  53.700  0.7032
    7        42.01  44.530  0.7032
    8        29.25  44.870  0.7032
    9        29.90  43.570  0.7032
   10        36.06  36.640  0.7032
   11        29.60  33.940  0.7032
   12        26.48  38.220  0.7032
   13        29.89  35.580  0.7032
   14        31.28  36.820  0.7032
   15        27.06  31.830  0.7032
   16        27.78  29.500  0.7032
   17        32.12  33.820  0.7032
   18        30.59  43.230  0.7032
   19        30.84  46.750  0.7032
   20        41.33  51.690  0.7032
   21        53.19  52.920  0.7032
   22        43.42  65.480  0.7032
   23        54.10  69.160  0.7032
   24        59.43  59.220  0.7032
   25        58.01  50.050  0.7032
   26        44.89  36.310  0.7032
   27        42.03  35.150  0.7032
   28        29.06  28.500  0.7032
   29        27.96  39.420  0.7032
   30        34.95  68.860  0.7032
   31        31.87  81.880  0.7032
   32        41.14  73.070  0.7032
   33        38.22  58.270  0.7032
   34        37.27  39.070  0.7032
   35        30.97  31.460  0.7032
   36        34.22  35.930  0.7032
   37        29.81  26.910  0.7032
   38        26.32  20.750  0.7032
   39        25.78  24.490  0.7032
   40        29.67  26.300  0.7032
   41        24.12  29.640  0.7032
   42        22.87  25.740  0.7032
   43        27.51  28.630  0.7032
   44        26.55  24.750  0.7032
   45        22.19  31.270  0.7032
   46        24.68  34.260  0.7032
   47        29.78  35.840  0.7032
   48        26.36  35.540  0.7032
   49        27.56  31.090  0.7032
   50        35.03  42.590  0.7032
   51        40.35  41.560  0.7032
   52        37.88  38.310  0.7032
   53        50.99  35.160  0.7032
   54        52.97  30.790  0.7032
   55        62.56  35.170  0.7032
   56        40.62  38.050  0.7032
   57        30.72  35.210  0.7032
   58        36.47  33.610  0.7032
   59        33.67  42.010  0.7032
   60        27.57  37.350  0.7032
   61        27.10  37.760  0.7032
   62        30.03  35.660  0.7032
   63        27.66  35.900  0.7032
   64        24.23  34.040  0.7032
   65        26.49  32.290  0.7032
   66        28.60  29.130  0.7032
   67        24.52  33.570  0.7032
   68        26.11  24.600  0.7032
   69        31.39  26.860  0.7032
   70        29.63  26.290  0.7032
   71        28.26  26.690  0.7032
   72        35.17  32.000  0.7032
   73        37.52  30.820  0.7032
   74        33.65  33.370  0.7032
   75        42.21  35.560  0.7032
   76        47.42  45.120  0.7032
   77        51.51  52.280  0.7032
   78        53.89  51.710  0.7032
   79        67.55  58.660  0.7032
   80        50.94  63.940  0.7032
   81        89.43  71.640  0.7032
   82        66.35  54.630  0.7032
   83        74.45  52.100  0.7032
   84        67.36  60.990  0.7032
   85        61.33  50.340  0.7032
   86        65.63  51.200  0.7032
   87        58.16  48.900  0.7032
   88        55.66  49.250  0.7032
   89       102.32  63.770  0.7032
   90        75.00  60.030  0.7032
   91        54.60  50.670  0.7032
   92        59.06  55.580  0.7032
   93        60.29  50.470  0.7032
   94        44.20  47.830  0.7032
   95        47.17  41.440  0.7032
   96        67.42  32.660  0.7032
   97        42.99  34.760  0.7032
   98        39.20  41.000  0.7032
   99        73.42  61.820  0.7032
  100        81.89  77.990  0.7032
  101       156.15  84.220  0.7032
  102       148.72  70.360  0.7032
  103        79.27  56.510  0.7032
  104        48.95  50.380  0.7032
  105        38.79  45.900  0.7032
  106        37.40  39.710  0.7032
  107        35.35  39.640  0.7032
  108        30.64  32.800  0.7032
  109        29.50  31.990  0.7032
  110        29.54  31.850  0.7032
  111        26.77  29.850  0.7032
  112        22.83  23.070  0.7032
  113        25.21  24.840  0.7032
  114        25.14  33.360  0.7032
  115        26.04  26.450  0.7032
  116        24.42  24.410  0.7032
  117        24.26  24.410  0.7032
  118        29.88  35.650  0.7032
  119        28.37  33.330  0.7032
  120        26.25  28.170  0.7032
  121        31.10  33.850  0.7032
  122        36.15  24.810  0.7032
  123        32.64  31.080  0.7032
  124        33.45  33.110  0.7032
  125        46.97  40.850  0.7032
  126        50.57  43.340  0.7032
  127        45.64  46.290  0.7032
  128        47.34  46.560  0.7032
  129        53.68  54.860  0.7032
  130        48.33  50.240  0.7032
