    1  3.038247944E+001
    2  2.631277423E+001
    3  2.517089965E+001
    4  1.660328078E+001
    5  1.443180146E+001
    6  1.838436321E+001
    7  1.726953955E+001
    8  1.162067773E+001
    9  1.226118778E+001
   10  1.525118549E+001
   11  1.285823544E+001
   12  1.135799584E+001
   13  1.378751657E+001
   14  1.346059525E+001
   15  1.114586652E+001
   16  1.181467628E+001
   17  1.448215465E+001
   18  1.403489375E+001
   19  1.341136916E+001
   20  1.949828412E+001
   21  2.806218391E+001
   22  2.139833026E+001
   23  2.648721699E+001
   24  3.342150832E+001
   25  3.593493344E+001
   26  2.652311412E+001
   27  2.374945998E+001
   28  1.491489367E+001
   29  1.402361438E+001
   30  1.842986525E+001
   31  1.592744057E+001
   32  2.011244186E+001
   33  2.102797090E+001
   34  1.527247947E+001
   35  1.185939459E+001
   36  1.341536170E+001
   37  1.216313436E+001
   38  1.026801000E+001
   39  1.000455744E+001
   40  1.241663364E+001
   41  1.033594455E+001
   42  9.562812025E+000
   43  1.103774604E+001
   44  1.035077105E+001
   45  8.379994235E+000
   46  9.510577662E+000
   47  1.188266195E+001
   48  1.029170300E+001
   49  1.102875627E+001
   50  1.445777036E+001
   51  1.692086762E+001
   52  1.799990398E+001
   53  2.460160917E+001
   54  2.252580351E+001
   55  2.633515406E+001
   56  1.612266073E+001
   57  1.254689283E+001
   58  1.520407036E+001
   59  1.334135316E+001
   60  1.075048238E+001
   61  1.127178659E+001
   62  1.302293116E+001
   63  1.184863046E+001
   64  1.024823350E+001
   65  1.229994846E+001
   66  1.390138982E+001
   67  1.006334095E+001
   68  1.046031106E+001
   69  1.270918567E+001
   70  1.130551500E+001
   71  9.844846244E+000
   72  1.292289881E+001
   73  1.515985633E+001
   74  1.216525648E+001
   75  1.552680532E+001
   76  1.949743825E+001
   77  2.170428046E+001
   78  2.260535261E+001
   79  2.834892880E+001
   80  2.220961692E+001
   81  3.615945467E+001
   82  2.642712838E+001
   83  3.898709588E+001
   84  4.230251831E+001
   85  3.317587322E+001
   86  5.874929884E+001
   87  4.007965990E+001
   88  3.356631032E+001
   89  5.735346291E+001
   90  3.555162523E+001
   91  2.690841982E+001
   92  3.163071080E+001
   93  3.366175212E+001
   94  1.943548881E+001
   95  2.189878439E+001
   96  3.260512352E+001
   97  1.953111435E+001
   98  1.620537448E+001
   99  3.455728903E+001
  100  4.215592735E+001
  101  1.136688460E+002
  102  1.233396678E+002
  103  4.172974305E+001
  104  2.306868283E+001
  105  1.467955714E+001
  106  1.531782869E+001
  107  1.352926117E+001
  108  1.123059013E+001
  109  9.720761222E+000
  110  1.044796613E+001
  111  9.751426048E+000
  112  8.328473192E+000
  113  8.782415839E+000
  114  9.484455177E+000
  115  1.047567856E+001
  116  9.955405068E+000
  117  9.353011917E+000
  118  1.228346125E+001
  119  1.206365399E+001
  120  1.048450052E+001
  121  1.366226038E+001
  122  1.678422180E+001
  123  1.437966621E+001
  124  1.291698286E+001
  125  1.979531659E+001
  126  2.089193300E+001
  127  1.773012307E+001
  128  2.016653981E+001
  129  2.239814255E+001
  130  2.254275170E+001
