    1        63.97  88.730  0.6153
    2        55.40  78.440  0.6153
    3        53.00  70.490  0.6153
    4        34.96  55.690  0.6153
    5        30.39  52.820  0.6153
    6        38.71  53.700  0.6153
    7        36.36  44.530  0.6153
    8        24.47  44.870  0.6153
    9        25.82  43.570  0.6153
   10        32.11  36.640  0.6153
   11        27.07  33.940  0.6153
   12        23.91  38.220  0.6153
   13        29.03  35.580  0.6153
   14        28.34  36.820  0.6153
   15        23.47  31.830  0.6153
   16        24.88  29.500  0.6153
   17        30.49  33.820  0.6153
   18        29.55  43.230  0.6153
   19        28.24  46.750  0.6153
   20        41.05  51.690  0.6153
   21        59.09  52.920  0.6153
   22        45.06  65.480  0.6153
   23        55.77  69.160  0.6153
   24        70.37  59.220  0.6153
   25        75.66  50.050  0.6153
   26        55.85  36.310  0.6153
   27        50.01  35.150  0.6153
   28        31.40  28.500  0.6153
   29        29.53  39.420  0.6153
   30        38.81  68.860  0.6153
   31        33.54  81.880  0.6153
   32        42.35  73.070  0.6153
   33        44.28  58.270  0.6153
   34        32.16  39.070  0.6153
   35        24.97  31.460  0.6153
   36        28.25  35.930  0.6153
   37        25.61  26.910  0.6153
   38        21.62  20.750  0.6153
   39        21.07  24.490  0.6153
   40        26.14  26.300  0.6153
   41        21.76  29.640  0.6153
   42        20.14  25.740  0.6153
   43        23.24  28.630  0.6153
   44        21.79  24.750  0.6153
   45        17.64  31.270  0.6153
   46        20.03  34.260  0.6153
   47        25.02  35.840  0.6153
   48        21.67  35.540  0.6153
   49        23.22  31.090  0.6153
   50        30.44  42.590  0.6153
   51        35.63  41.560  0.6153
   52        37.90  38.310  0.6153
   53        51.80  35.160  0.6153
   54        47.43  30.790  0.6153
   55        55.45  35.170  0.6153
   56        33.95  38.050  0.6153
   57        26.42  35.210  0.6153
   58        32.01  33.610  0.6153
   59        28.09  42.010  0.6153
   60        22.64  37.350  0.6153
   61        23.73  37.760  0.6153
   62        27.42  35.660  0.6153
   63        24.95  35.900  0.6153
   64        21.58  34.040  0.6153
   65        25.90  32.290  0.6153
   66        29.27  29.130  0.6153
   67        21.19  33.570  0.6153
   68        22.02  24.600  0.6153
   69        26.76  26.860  0.6153
   70        23.80  26.290  0.6153
   71        20.73  26.690  0.6153
   72        27.21  32.000  0.6153
   73        31.92  30.820  0.6153
   74        25.61  33.370  0.6153
   75        32.69  35.560  0.6153
   76        41.05  45.120  0.6153
   77        45.70  52.280  0.6153
   78        47.60  51.710  0.6153
   79        59.69  58.660  0.6153
   80        46.76  63.940  0.6153
   81        76.14  71.640  0.6153
   82        55.64  54.630  0.6153
   83        82.09  52.100  0.6153
   84        89.07  60.990  0.6153
   85        69.85  50.340  0.6153
   86       123.70  51.200  0.6153
   87        84.39  48.900  0.6153
   88        70.68  49.250  0.6153
   89       120.76  63.770  0.6153
   90        74.86  60.030  0.6153
   91        56.66  50.670  0.6153
   92        66.60  55.580  0.6153
   93        70.88  50.470  0.6153
   94        40.92  47.830  0.6153
   95        46.11  41.440  0.6153
   96        68.65  32.660  0.6153
   97        41.12  34.760  0.6153
   98        34.12  41.000  0.6153
   99        72.76  61.820  0.6153
  100        88.76  77.990  0.6153
  101       239.34  84.220  0.6153
  102       259.70  70.360  0.6153
  103        87.86  56.510  0.6153
  104        48.57  50.380  0.6153
  105        30.91  45.900  0.6153
  106        32.25  39.710  0.6153
  107        28.49  39.640  0.6153
  108        23.65  32.800  0.6153
  109        20.47  31.990  0.6153
  110        22.00  31.850  0.6153
  111        20.53  29.850  0.6153
  112        17.54  23.070  0.6153
  113        18.49  24.840  0.6153
  114        19.97  33.360  0.6153
  115        22.06  26.450  0.6153
  116        20.96  24.410  0.6153
  117        19.69  24.410  0.6153
  118        25.86  35.650  0.6153
  119        25.40  33.330  0.6153
  120        22.08  28.170  0.6153
  121        28.77  33.850  0.6153
  122        35.34  24.810  0.6153
  123        30.28  31.080  0.6153
  124        27.20  33.110  0.6153
  125        41.68  40.850  0.6153
  126        43.99  43.340  0.6153
  127        37.33  46.290  0.6153
  128        42.46  46.560  0.6153
  129        47.16  54.860  0.6153
  130        47.46  50.240  0.6153
