 beta=   3.1231811194364836     
  -8.4390696305944989E-016
  -5.9346669260553249E-016
  -3.8704406279367766E-016
   2.3851925838534107E-016
   9.1890283989267418E-016
   9.4770336324925218E-016
   1.5041061395837607E-002
   1.7354423741650429E-002
   2.2232368816931424E-002
   2.4472991449437608E-002
   2.9259914097235912E-002
   3.0905118773410362E-002
   3.4642715812724441E-002
   4.2659045017698537E-002
   4.4529712850222190E-002
   4.5636398625053608E-002
   5.1527154356531227E-002
   5.2007026868975702E-002
   5.2774714997493574E-002
   5.6532525291109068E-002
   6.0544547270459839E-002
   6.3881681583173811E-002
   6.5754502467697790E-002
   6.8052732221178261E-002
   6.9067273027240916E-002
   7.0856091826029838E-002
   7.2441385537070802E-002
   7.3340157749154797E-002
   7.4875565558936805E-002
   7.8011075790383910E-002
   7.9841934132531364E-002
   8.0283375849518349E-002
   8.2419085732623742E-002
   8.3208110321594239E-002
   8.4268692014527358E-002
   8.5806661463588424E-002
   8.9065728035295486E-002
   9.0801958841003810E-002
   9.1164730208968509E-002
   9.4425494582150438E-002
   9.6100764901700289E-002
   9.6554956600921102E-002
   9.8788163400200801E-002
  0.10077528524831157     
  0.10257186020716227     
  0.10362704266106143     
  0.10469322458099262     
  0.10736261440899263     
  0.10765020883687962     
  0.10925637776588419     
  0.11085664680231776     
  0.11133157144851502     
  0.11203065938747087     
  0.11519436163859809     
  0.11759500515002143     
  0.11992457163838997     
  0.12086577646273333     
  0.12252782962742406     
  0.12412286190759836     
  0.12627380568960894     
  0.12657280429748263     
  0.12855881245813927     
  0.13068252388416698     
  0.13221543584454079     
  0.13271078659802815     
  0.13372577767462268     
  0.13545811771899088     
  0.13721854548491960     
  0.13817018118471952     
  0.13991459483559943     
  0.14023464282540854     
  0.14228856627800890     
  0.14290056157409961     
  0.14482285239357040     
  0.14560757225648016     
  0.14679258134193585     
  0.14780129372313799     
  0.14879329873715941     
  0.14939438623587908     
  0.14981856442091149     
  0.15082369726065023     
  0.15508595028230251     
  0.15601886762668443     
  0.15663298078801333     
  0.15868853578419265     
  0.16006447104930671     
  0.16049720969025913     
  0.16242856757416091     
  0.16325082185377418     
  0.16400768178348504     
  0.16429809353305194     
  0.16494030325362721     
  0.16549317541302114     
  0.16738861903650046     
  0.16900036422745343     
  0.16921732286676028     
  0.17004418317623518     
  0.17011139320418045     
  0.17236528940538320     
  0.17335922180074587     
  0.17342727331876717     
  0.17369537568211471     
  0.17465171882211522     
  0.17576971659873949     
  0.17650750214455230     
  0.17878623784359757     
  0.18006066965948911     
  0.18157089604065199     
  0.18174112382525590     
  0.18307084925160183     
  0.18387606538986562     
  0.18563848574916261     
  0.18633917572826397     
  0.18724475836014678     
  0.18822266367857299     
  0.18962123957374619     
  0.19093591364628254     
  0.19153954632474951     
  0.19166262902184955     
  0.19241021834189578     
  0.19408994097657126     
  0.19457598120402989     
  0.19597026198404882     
  0.19673437811012995     
  0.19772876764575656     
  0.19942816479985576     
  0.19953618064448456     
  0.20110072895836031     
  0.20232028296988186     
  0.20391452374321001     
  0.20481125556445504     
  0.20645230487603899     
  0.20709683280484831     
  0.20811230399299882     
  0.20932292522816107     
  0.21042560090251072     
  0.21164309645751794     
  0.21373818104136569     
  0.21479947407664576     
  0.21776459261322448     
  0.21843513105915305     
  0.21905885899806743     
  0.22043383158225799     
  0.22242908622298452     
  0.22380626329435610     
  0.22474156610513490     
  0.22516190787515761     
  0.22645825059613212     
  0.22701403823750996     
  0.23034300474936223     
  0.23155376385096657     
  0.23313955836447683     
  0.23516398171344355     
  0.23683117283470903     
  0.23740937145826430     
  0.23882232780256774     
  0.24038376961492364     
  0.24222729587542588     
  0.24319572980351939     
  0.24441935238687135     
  0.24597247558307628     
  0.24841122861894518     
  0.25015673691445317     
  0.25187347722893366     
  0.25328301588619828     
  0.25524564326861027     
  0.26025904425684826     
  0.26165848616835613     
  0.26364065928512453     
  0.26460649687996535     
  0.26667378539607473     
  0.26833719036062520     
  0.26891776704902626     
  0.27123348374797734     
  0.27521245522659360     
  0.27781294443550647     
  0.27900394073235768     
  0.28086490034895312     
  0.28169063519168647     
  0.28729572798324504     
  0.28842393473585715     
  0.29338292112752246     
  0.30076375271353772     
  0.30590178184537586     
  0.30787496403345010     
  0.30876239243651649     
  0.31051342527483711     
  0.31574217544412053     
  0.31855867503272700     
  0.31904953937672315     
  0.32138872389728840     
  0.32658549453541763     
  0.32694293599809687     
  0.33031535727585454     
  0.33420289303656336     
  0.33641712265532026     
  0.34254423055952787     
  0.34568700979184530     
  0.34670274835036163     
  0.35184166312847021     
  0.35604058073852823     
  0.36001884794152328     
  0.36420019515757662     
  0.36863463317849565     
  0.37484489475923466     
  0.37616938956754808     
  0.37955374516805784     
  0.38282932997506941     
  0.38489688227463187     
  0.38806767513209234     
  0.39308509668691144     
  0.39869626543179104     
  0.40434641202612848     
  0.40600168915986917     
  0.41283244749783238     
  0.41425287639038738     
  0.41686472427915411     
  0.42477280416036489     
  0.42914223051437511     
  0.43427886516138781     
  0.43775296604299119     
  0.44261840090867421     
  0.44756552635755320     
  0.45254040458963452     
  0.46055047442250052     
  0.46390416841866106     
  0.47102934566627713     
  0.47401581886123378     
  0.47807065629270801     
  0.48820595042342829     
  0.49035665499140829     
  0.49509304457687808     
  0.49734503082965215     
  0.50083765671049474     
  0.50717659182572206     
  0.51120726431294017     
  0.51861759916266048     
  0.52812575137712858     
  0.53687785439604252     
  0.55195640101505572     
  0.55730997045666419     
  0.56576932575834360     
  0.57183546956221942     
  0.58648088195922421     
  0.60547944515152619     
  0.61474081850681839     
  0.62044916575501674     
  0.63001876123428291     
  0.64341141217462372     
  0.65734587115958720     
  0.67794135909255027     
  0.68456308930222931     
  0.69891702568490377     
  0.72724252461631156     
  0.73339995529450608     
  0.75764261487515649     
  0.76206297555488955     
  0.78811036264399981     
  0.79398028415530819     
  0.79434365685296915     
   1.0063861607311462     
   1.1969004639866514     
   1.2238809350491440     
   1.2513978212234524     
   1.2641483451572677     
   1.2691076920093374     
   1.2856723500843994     
   1.4123402596654993     
   1.4847402499255764     
   1.5014119916868638     
   1.6202207868581580     
   1.7636897582260362     
   1.7889602613562405     
   1.8413102411507323     
   1.8649194898042103     
   1.8796655079881928     
   1.9575823188771062     
   1.9920748860306599     
   2.0140309509513790     
   2.0222786807113922     
   2.0528192268450072     
   2.0561943143115604     
   2.0599291634730368     
   2.0624946305852996     
   2.0668002420525200     
   2.0796843842995898     
   2.0822425792744754     
   2.0914272498813711     
   2.0941457912061407     
   2.0953210682571979     
   2.1014904232876099     
   2.1078418035673265     
   2.1091069327712826     
   2.1130474849559366     
   2.1166030895124099     
   2.1204129770055600     
   2.1249885300193565     
   2.1293008264486262     
   2.1370778437631590     
   2.1431229467743713     
   2.1454051917380017     
   2.1500653495891897     
   2.1507332323502166     
   2.1521468928500034     
   2.1530472184709399     
   2.1551943679911982     
   2.1592748864977498     
   2.1607481352202660     
   2.1647085738673906     
   2.1659552257419188     
   2.1684183024344534     
   2.1743568937982873     
   2.1761198276879652     
   2.1778306270205299     
   2.1862181024011136     
   2.1936145264376274     
   2.1961975802324178     
   2.2001748461958752     
   2.2036138588604484     
   2.2058875701496183     
   2.2085301818058110     
   2.2126038212503896     
   2.2148771298758487     
   2.2173885922429983     
   2.2182605169022707     
   2.2210845102794061     
   2.2285921871345762     
   2.2293761938805243     
   2.2327112065189350     
   2.2360202804625522     
   2.2366271225362766     
   2.2383185583653953     
   2.2408933874215444     
   2.2460796481838465     
   2.2499223367879355     
   2.2504337160035748     
   2.2520157405978347     
   2.2557978000416528     
   2.2577088584823812     
   2.2597701785560909     
   2.2611808952147885     
   2.2662756309319758     
   2.2699268058891766     
   2.2732761359897218     
   2.2794142826247592     
   2.2836469170253149     
   2.2873818417862504     
   2.2972368757506199     
   2.2986185354674009     
   2.3024513915457865     
   2.3096471435224495     
   2.3125369906951105     
   2.3232144657131188     
   2.3288319059351754     
   2.3301230795422927     
   2.3311242742682028     
   2.3340321889877087     
   2.3366187335381468     
   2.3505174554302211     
   2.3569120713600911     
   2.3655321547808881     
   2.3704396870582771     
   2.3810702860095647     
   2.3817064582630949     
   2.3841196557317987     
   2.3853174811258664     
   2.3917799781620581     
   2.3975410307946396     
   2.3983288654179789     
   2.4092821489303766     
   2.4205303119281272     
   2.4226311945111223     
   2.4277110730254203     
   2.4322417181520160     
   2.4404802800051018     
   2.4592841555563316     
   2.4642386980642730     
   2.4814958052508396     
   2.5771242478657537     
   2.6509546358033464     
   2.7579941586358134     
   2.8915284815629740     
   2.9174175047337920     
   2.9600208872241445     
   2.9777279752537598     
   2.9901418892251415     
   3.0066882243072519     
   3.0942615004451568     
   3.1161059655923879     
   3.3931138426781109     
