 beta=   4.7781288494451450     
  -8.8061590229572373E-016
  -7.7108849860809304E-016
  -5.0278518943944285E-016
   3.0312125558608821E-016
   1.6755360193209897E-015
   2.5414455874393334E-015
   3.3012199522430397E-002
   3.6691642948089541E-002
   4.5861270711870517E-002
   4.9097588857170804E-002
   5.4944528368313678E-002
   6.0099004368652724E-002
   6.7354235973142190E-002
   7.4626738206889157E-002
   7.5181253935227885E-002
   7.7381133395340390E-002
   8.3516561007969337E-002
   9.1572614966509272E-002
   9.3938188278245821E-002
   9.4570399145200421E-002
   9.7670682345910753E-002
  0.10089468655284312     
  0.10346736998822638     
  0.10559685532202176     
  0.10790882972903781     
  0.10975707002044409     
  0.11138622950493739     
  0.11699461153116168     
  0.11739231204744500     
  0.11866962595892855     
  0.12264695573234478     
  0.12446008656172701     
  0.12638022652662376     
  0.12938046153193364     
  0.13171730117455771     
  0.13373844653526260     
  0.13737434415654265     
  0.13902266889296913     
  0.14141653567851870     
  0.14163982081907894     
  0.14444813651145499     
  0.14906877381709119     
  0.14983341917538495     
  0.15251156418940476     
  0.15421937077583722     
  0.15601895157606144     
  0.15686266477537333     
  0.15847014897931083     
  0.16061671001801331     
  0.16193573087824636     
  0.16597229270574870     
  0.16904707949019734     
  0.17091643284897939     
  0.17215310816495447     
  0.17533436738635561     
  0.17750107602134640     
  0.18081862886638103     
  0.18207574725974363     
  0.18536190189958127     
  0.19003414740620284     
  0.19209053075052104     
  0.19399216862498114     
  0.19614742941851601     
  0.19674685618069226     
  0.19877340776827401     
  0.20047109853328446     
  0.20185244757326634     
  0.20343008950219435     
  0.20756397127415002     
  0.20979382232909308     
  0.21163845515633239     
  0.21315856878331471     
  0.21502829956141020     
  0.21582540022805977     
  0.21618001763938516     
  0.21980006304045233     
  0.22087963598411461     
  0.22249923377841527     
  0.22489563953424485     
  0.22900699686200371     
  0.22997488842774849     
  0.23141442203294416     
  0.23282775075957543     
  0.23469827252796899     
  0.23532234165388966     
  0.23807693094028060     
  0.23878331508782910     
  0.24020817487366500     
  0.24157079883393379     
  0.24181467315012847     
  0.24434179094680880     
  0.24704108606039535     
  0.24767890634582107     
  0.24856476588709162     
  0.24901707220629654     
  0.25222085467727978     
  0.25396986009058770     
  0.25487910089553661     
  0.25577374991348156     
  0.25825560839501471     
  0.25857343526166232     
  0.25961021909613169     
  0.26172232696371173     
  0.26479498404616264     
  0.26626618145897629     
  0.26836971107183660     
  0.26902059628418989     
  0.27008957005542561     
  0.27203835789932390     
  0.27294349844284421     
  0.27471155840835049     
  0.27539078945738971     
  0.27713540689228106     
  0.27802321000524904     
  0.28035940981133073     
  0.28219077390302988     
  0.28233897336076141     
  0.28403599112672878     
  0.28611268846642440     
  0.28787882404666615     
  0.28905149769944416     
  0.29045412662486286     
  0.29104335334683845     
  0.29233255225302668     
  0.29256008992972538     
  0.29573483278985513     
  0.29749042569502121     
  0.29877724989077675     
  0.30022648147677883     
  0.30302703235378736     
  0.30421153108314070     
  0.30441881911387991     
  0.30705813398801113     
  0.30876098685116693     
  0.31045509830238754     
  0.31215098799633673     
  0.31387128590923469     
  0.31410557219401586     
  0.31522390087543917     
  0.31537513797979710     
  0.31740353243746322     
  0.31850416340940951     
  0.31922947176283051     
  0.32266149244491565     
  0.32349951689671913     
  0.32397779489414269     
  0.32560303468305929     
  0.32893890069945975     
  0.33108259549256930     
  0.33288963918565512     
  0.33353424084336497     
  0.33564811390235499     
  0.33771373866047405     
  0.33977405411894956     
  0.34129759240152230     
  0.34379547286145784     
  0.34598800884052811     
  0.34630547696477276     
  0.34755292288049489     
  0.35107861560633369     
  0.35153994259990173     
  0.35440177301643716     
  0.35466345643602815     
  0.35657757006437757     
  0.35859494312267226     
  0.36065063569421490     
  0.36360542049662459     
  0.36410259678876500     
  0.36557609719274348     
  0.36836355465418552     
  0.37117742366335138     
  0.37271450737285799     
  0.37664805764468390     
  0.37689276932984045     
  0.37836347535977860     
  0.38021546019809188     
  0.38425794890633141     
  0.38762075371184546     
  0.38826534905538640     
  0.38940621285290034     
  0.39402223276920056     
  0.39556426114837084     
  0.40193903863843922     
  0.40310960553077041     
  0.40628295895244643     
  0.40894106190723800     
  0.41236618128518743     
  0.41689374130002171     
  0.41949951276959757     
  0.42246515590249761     
  0.42379570102964548     
  0.42984644935343203     
  0.43315666731716712     
  0.43763331121304078     
  0.44159998766321706     
  0.44681279925400758     
  0.45017004593311805     
  0.45105886073983981     
  0.45484445040217358     
  0.45649013255784582     
  0.46226209044254357     
  0.46496159232073853     
  0.46693777282719434     
  0.47229997092504689     
  0.47370204857372616     
  0.48041425291874235     
  0.48339938411784028     
  0.48527149087646665     
  0.48864872809703780     
  0.49594697208349758     
  0.49804116844804613     
  0.50575044869181773     
  0.50693044290920819     
  0.50732571269258553     
  0.51866339676848294     
  0.52348803852678583     
  0.52918631131582639     
  0.53225148769301067     
  0.53501909001446413     
  0.53966672919153258     
  0.54946589490220688     
  0.55031324690764061     
  0.56050932971801337     
  0.56252657226519986     
  0.56549998093283160     
  0.57040498023229103     
  0.57304668853101837     
  0.58293510370930834     
  0.58985676104890994     
  0.59412546852188997     
  0.60299455350419562     
  0.60557424616366240     
  0.60798390204805564     
  0.61428874873138017     
  0.62292048259381827     
  0.63285803733114665     
  0.64401248325411986     
  0.64607366592509863     
  0.65372065908526855     
  0.66015115891950615     
  0.67351353150164628     
  0.68268429203157865     
  0.68278158126877886     
  0.70751395469492140     
  0.72589017690008661     
  0.72920086686525998     
  0.74150773065849684     
  0.74999614744718812     
  0.75011162500212558     
  0.76626562813795840     
  0.78633265232925431     
  0.79160625200495538     
  0.80780000882729530     
  0.85432435642566706     
  0.87286276093096948     
  0.87539392419784734     
  0.88372696811345652     
  0.92669493330637243     
  0.93184274431158598     
  0.94263751550012720     
   1.0863289255836430     
   1.2618836253193346     
   1.3049719229322343     
   1.3237676287854983     
   1.3304825293982960     
   1.3446804761855327     
   1.3734207960673674     
   1.4893342947295514     
   1.5823840624994361     
   1.6088130888728507     
   1.6844291899864938     
   1.8634206824558859     
   1.8908079893166756     
   1.9190879846977174     
   1.9271073182612894     
   1.9500944874634569     
   2.0160467418140260     
   2.0423602816025821     
   2.0481173163182915     
   2.0933150858724048     
   2.0934185702787671     
   2.1042989965188115     
   2.1089740850091814     
   2.1133814339885757     
   2.1220098877724047     
   2.1319596974325008     
   2.1369784452226805     
   2.1419303077048260     
   2.1455287665800093     
   2.1607711876348787     
   2.1707746438498439     
   2.1742370429946507     
   2.1806157597369071     
   2.1873905822644240     
   2.1958715344838975     
   2.2040470119964852     
   2.2069341368229609     
   2.2096536769943955     
   2.2165259945781881     
   2.2230876241188211     
   2.2244827563167306     
   2.2274735579100957     
   2.2292265794287722     
   2.2293280545230552     
   2.2346121919138664     
   2.2385540506834092     
   2.2401525107598745     
   2.2436632866476995     
   2.2467501705303219     
   2.2478009265875332     
   2.2485891619623652     
   2.2562522507335747     
   2.2605151441501605     
   2.2618689494971753     
   2.2651828696073864     
   2.2695695572847190     
   2.2796982813258002     
   2.2809357977728322     
   2.2835804027437261     
   2.2859815747364189     
   2.2881109059068869     
   2.2920905316072546     
   2.2985794761327778     
   2.3016391988048501     
   2.3064480045517297     
   2.3101139295653064     
   2.3114097305387662     
   2.3119428136950004     
   2.3139350235710867     
   2.3170255470883339     
   2.3203204623293265     
   2.3306364747025796     
   2.3340964473954431     
   2.3358030554342712     
   2.3376468460927113     
   2.3458435541153566     
   2.3487603403705535     
   2.3546057312185664     
   2.3548273765229522     
   2.3561971568049302     
   2.3619760597014792     
   2.3701735464093021     
   2.3704807118402829     
   2.3722663533345933     
   2.3780859364414311     
   2.3834135548810877     
   2.3851775113567877     
   2.3860274261168715     
   2.3897624219343720     
   2.3943431967660520     
   2.4015521558022459     
   2.4052975182233207     
   2.4061805244206389     
   2.4088588692410462     
   2.4147829532556999     
   2.4256316292175786     
   2.4274507961383942     
   2.4396388924797621     
   2.4424953466107491     
   2.4456128672589599     
   2.4503538785685901     
   2.4540190093537366     
   2.4678002424695338     
   2.4747609511497122     
   2.4829672188671834     
   2.4877231712959977     
   2.4899738730533909     
   2.4923092683348171     
   2.4945925865629368     
   2.5169512785666561     
   2.5190569336538835     
   2.5227940467421632     
   2.5379928963937304     
   2.5423945045024681     
   2.5438011606594788     
   2.5463354461164851     
   2.5765357471855976     
   2.5948292091421443     
   2.6487835256713557     
   2.7260439718259395     
   2.8178960086296918     
   2.9926870449857415     
   3.0107639143704672     
   3.0354601214634456     
   3.0435111501829848     
   3.0604723142479968     
   3.0907362373342049     
   3.1781968018803166     
   3.2353464333254065     
   3.4407762276104261     
