 beta=  0.26557810201579285     
  -3.4554146244464960E-016
  -2.0130911838677397E-016
  -1.5012004988904898E-016
  -6.9123531434235082E-017
   2.6352028294311368E-017
   1.8144943953016936E-016
   3.2207759079939567E-004
   6.0920410939231326E-004
   7.1695912096483600E-004
   9.3134577154177576E-004
   1.1767411756886117E-003
   1.3646245844660459E-003
   1.4217091343564539E-003
   1.5731386695795756E-003
   1.8598488652059176E-003
   2.2310695283096252E-003
   2.4079495625673963E-003
   2.5213215566358676E-003
   3.1440564577233038E-003
   3.2752552093982916E-003
   3.4385769223941091E-003
   3.8658043758665224E-003
   4.0247995552675454E-003
   4.2228094623357046E-003
   4.4094664497415928E-003
   4.8470419466988806E-003
   5.0887050456983069E-003
   5.2688011694552953E-003
   5.4638835403926786E-003
   6.0604669551738849E-003
   6.4727255919472797E-003
   6.5972440138870273E-003
   6.7633973037901840E-003
   7.2542852424359195E-003
   7.8438871291011403E-003
   8.3147257224518382E-003
   8.6317726831286815E-003
   9.1654357111054536E-003
   9.4704537286194358E-003
   9.9461863283117433E-003
   1.0036985443618958E-002
   1.0226796892393850E-002
   1.0484618150338005E-002
   1.0998974175412889E-002
   1.1579805133106559E-002
   1.1782435153942294E-002
   1.2343621174133146E-002
   1.3117537181765521E-002
   1.3456232550974122E-002
   1.3632854199108603E-002
   1.4318477593156831E-002
   1.4880327539810648E-002
   1.5188528314403652E-002
   1.5561385866101079E-002
   1.5787265281228213E-002
   1.6182826563060852E-002
   1.7265541856222200E-002
   1.7599405975157734E-002
   1.7959697798508603E-002
   1.8313115376522613E-002
   1.8440892485416499E-002
   1.8841057072851962E-002
   1.9509163862771194E-002
   1.9701245833666378E-002
   2.0121365188684792E-002
   2.0322773321739301E-002
   2.0770140112474463E-002
   2.1411086063641144E-002
   2.1852094529631747E-002
   2.2030474186276298E-002
   2.2779537951279277E-002
   2.3057347794081116E-002
   2.3695205591671018E-002
   2.4170032872355730E-002
   2.4361800772286089E-002
   2.4836764505569420E-002
   2.5653862188251390E-002
   2.5871997742050679E-002
   2.6090984020074488E-002
   2.6659581537775860E-002
   2.6904122175670901E-002
   2.7592397619860001E-002
   2.7673450496384155E-002
   2.8034392848560196E-002
   2.8191017007951798E-002
   2.8492656529295307E-002
   2.9080787506592702E-002
   2.9391500004547901E-002
   2.9617117363175693E-002
   3.0170220543334802E-002
   3.0261714223015934E-002
   3.0871283197745621E-002
   3.1141456570123061E-002
   3.1251038885387099E-002
   3.1994011577287977E-002
   3.2237773070934388E-002
   3.2731124124309501E-002
   3.3207272822226797E-002
   3.3966190161360391E-002
   3.4436805518115156E-002
   3.4806004704553417E-002
   3.5648346060603617E-002
   3.6417305612247923E-002
   3.7041532373275232E-002
   3.7409049046030152E-002
   3.8182182050938825E-002
   3.8217549828893964E-002
   3.8438839222089113E-002
   3.8789749206055463E-002
   3.9559538975736233E-002
   4.0274071156835185E-002
   4.0806064626528013E-002
   4.1098480444140675E-002
   4.1781825632322279E-002
   4.2035607666987378E-002
   4.2578681609481361E-002
   4.3011981135335067E-002
   4.3612066501683144E-002
   4.3921699684513781E-002
   4.4183024613261547E-002
   4.4710269681239985E-002
   4.4994758448699657E-002
   4.5667149632503637E-002
   4.6748660118788983E-002
   4.7606437271025710E-002
   4.8540254757892191E-002
   4.9044187369614647E-002
   4.9814279809230193E-002
   5.0740062716852767E-002
   5.0833214725537305E-002
   5.2426211805742418E-002
   5.3052857284681135E-002
   5.3181402796065341E-002
   5.3923806656147856E-002
   5.4285824616046592E-002
   5.5015875649557372E-002
   5.5650592923994380E-002
   5.6894157956320551E-002
   5.7754429565231184E-002
   5.8224041008164834E-002
   5.8833439846710175E-002
   5.9363410443424032E-002
   6.0675698459038613E-002
   6.1119618167816477E-002
   6.2253535321127727E-002
   6.3248538287027700E-002
   6.5542588074246635E-002
   6.6111891223397237E-002
   6.7298357062740718E-002
   6.8738665222569606E-002
   7.1292443509423181E-002
   7.1513526387795970E-002
   7.2244075242651640E-002
   7.2900579966381024E-002
   7.4885466097697737E-002
   7.7039710048577667E-002
   7.8457372506390829E-002
   7.9003961131962633E-002
   8.0454049212647316E-002
   8.1121939603800722E-002
   8.1876590875980496E-002
   8.3132402409196074E-002
   8.5401111417790415E-002
   8.9315073922206417E-002
   9.0819841462151565E-002
   9.1560834225553334E-002
   9.2844008229843830E-002
   9.4481753703781063E-002
   9.6345757749830729E-002
   9.8354745179398767E-002
  0.10252352027377898     
  0.10270330912380159     
  0.10841303701716118     
  0.11417712271777505     
  0.11656976029594904     
  0.11819895217207356     
  0.12140713644438797     
  0.12190429238373021     
  0.12529585303003443     
  0.12788626131522332     
  0.12851697787932484     
  0.13154401009409578     
  0.13316955233831401     
  0.13714658079453076     
  0.13976620076017388     
  0.14128145274893883     
  0.14757417406343445     
  0.15540320182263251     
  0.15704534089688132     
  0.15878250757076193     
  0.16035438582152994     
  0.16345273532837179     
  0.16721951148016767     
  0.17052159142090542     
  0.17132694215256167     
  0.17388129422405851     
  0.17685438699697595     
  0.18175004707135098     
  0.18393494698512661     
  0.18453744813751077     
  0.18673601750374130     
  0.19043782467208423     
  0.19245802190671565     
  0.19528822884396405     
  0.20430774045351793     
  0.20478933125198737     
  0.20655527049781711     
  0.20885042393286021     
  0.21683481809903854     
  0.22563442663394973     
  0.22635184489201421     
  0.22803982180150836     
  0.23082304871588957     
  0.23599031715641927     
  0.23975941541940388     
  0.24791065963332226     
  0.25040423081853497     
  0.25196522506446700     
  0.25530292181853464     
  0.26128463782056538     
  0.27190816591524253     
  0.27831567920937683     
  0.28049559230773974     
  0.28065081562659389     
  0.28476831825747567     
  0.28847349487592860     
  0.29013794335087711     
  0.29279475436554880     
  0.30746887342643781     
  0.30988798447668020     
  0.31108037394658494     
  0.31924010965459104     
  0.32117379194840112     
  0.32374050178394459     
  0.32560003561150652     
  0.35173894388262655     
  0.35325044162977520     
  0.35382385463579347     
  0.36477379459045545     
  0.37318388874835301     
  0.37509687064820013     
  0.37622997838028593     
  0.38255342210649584     
  0.39394138316593791     
  0.42228279784424916     
  0.42671850597500049     
  0.43040390513763316     
  0.43265410439082819     
  0.44922400689884662     
  0.47931556358144839     
  0.48035990243568227     
  0.49869012620925524     
  0.52302447047081102     
  0.53308826289788958     
  0.56033277555684169     
  0.56495619687847409     
  0.57728157661465496     
  0.59073853368689322     
  0.59773788593312183     
  0.60366191948157855     
  0.61024788598938351     
  0.89622700729421600     
   1.0912869151830236     
   1.1092336080613401     
   1.1242083001738046     
   1.1616710153607506     
   1.1859728577194071     
   1.1923927780655619     
   1.3124691499264025     
   1.3525601024593581     
   1.4041703518003863     
   1.5277070495845286     
   1.6319424909256077     
   1.6838221395564192     
   1.7366369207956187     
   1.7832407368198122     
   1.7926053088072937     
   1.8895781666421716     
   1.8973563848190123     
   1.9217234935216734     
   1.9500273390181224     
   1.9535585290284097     
   1.9569667725034789     
   1.9594847403000766     
   1.9640968379392545     
   1.9676225319413951     
   1.9715561999426847     
   1.9794359417492522     
   1.9819787363169739     
   1.9822992619239581     
   1.9888858656165505     
   1.9898561070001173     
   1.9914592326151901     
   1.9918514678108457     
   1.9950532853462981     
   1.9962036682770286     
   1.9974957734239682     
   1.9987172708321674     
   2.0010435738170114     
   2.0031559844150584     
   2.0039000807336782     
   2.0094396760489421     
   2.0128074700833118     
   2.0224034046575876     
   2.0250532959458560     
   2.0289175074841435     
   2.0296179765414184     
   2.0331801382737487     
   2.0378824980086021     
   2.0396265676391718     
   2.0411549068563870     
   2.0431360595025105     
   2.0442610334564439     
   2.0477349400558387     
   2.0488898471130530     
   2.0501278902080515     
   2.0513233622558742     
   2.0523828237770507     
   2.0536698570284702     
   2.0552843315767211     
   2.0595486165061172     
   2.0611194692274362     
   2.0634540131905275     
   2.0662183083395691     
   2.0679029836868041     
   2.0694270419806360     
   2.0736661870092865     
   2.0754546391689757     
   2.0793167561486929     
   2.0814223724641985     
   2.0833948473753239     
   2.0894864303791847     
   2.0906789180078116     
   2.0953126082130780     
   2.0966389538016514     
   2.0984844647377328     
   2.0996486164578649     
   2.1052779573035090     
   2.1075033157118277     
   2.1093157958421020     
   2.1103955002961721     
   2.1131775657294183     
   2.1165448532504580     
   2.1184377578179565     
   2.1233307145647933     
   2.1272472764537742     
   2.1313390725565471     
   2.1451110023386963     
   2.1472452857412181     
   2.1550045447259181     
   2.1552936126699831     
   2.1633184951468905     
   2.1652639304117387     
   2.1690208707966376     
   2.1712352505604087     
   2.1779055595164505     
   2.1823642789543753     
   2.1885798079899561     
   2.1985283203342076     
   2.2044862967701531     
   2.2103461109615430     
   2.2187028265452344     
   2.2199237200123778     
   2.2356707606324235     
   2.2369866997404793     
   2.2391124103782669     
   2.2433126541233368     
   2.2470894314332464     
   2.2541467808770408     
   2.2626967376255904     
   2.2661421312886754     
   2.2711716289198840     
   2.2727649027148717     
   2.2767008856420037     
   2.2961067212501320     
   2.3199778359545222     
   2.3324230410177949     
   2.3636461958660040     
   2.4790593335169921     
   2.5099378250392808     
   2.6541537055921154     
   2.7716103492564503     
   2.8305238773793722     
   2.8749287946239077     
   2.8828965307382393     
   2.9033076893787815     
   2.9072190601564607     
   2.9784948143702783     
   3.0033335719114724     
   3.3082499212211607     
