 beta=  -7.0242558465568902E-013
  -8.3354846052816642E-016
  -7.2157102924365310E-016
  -4.4252776079097932E-016
  -3.2196312476290074E-016
  -2.2259232996370102E-016
  -1.5851013713402535E-016
  -2.2435101220228169E-017
   4.1196444659514298E-017
   1.2761375040714680E-016
   3.5367681979935682E-016
   5.6997896426379244E-016
   3.2672705765598925E-005
   3.7807358205379759E-005
   6.9402656178726383E-005
   1.0041168585445385E-004
   1.1047872896885604E-004
   1.1825640996095041E-004
   1.3525185089679361E-004
   2.0478440814933408E-004
   2.5648843528839282E-004
   2.8952588413632297E-004
   3.3223633214207542E-004
   3.5410937363604443E-004
   5.1526907305405299E-004
   5.7788105741217813E-004
   6.1931991731226088E-004
   7.5528452073690938E-004
   7.7478555173986479E-004
   8.2444476044619139E-004
   8.7859316379351434E-004
   1.0073056320837475E-003
   1.0467813101742243E-003
   1.1040584823189660E-003
   1.3779360077485539E-003
   1.4624728958730778E-003
   1.6314066815181654E-003
   1.7885756058365898E-003
   1.9470213985930266E-003
   2.0073330388962599E-003
   2.2522400369325399E-003
   2.3962545808526876E-003
   2.5062916288592636E-003
   2.6922371609400708E-003
   2.9555932170213860E-003
   3.0087756073445349E-003
   3.2565642382870342E-003
   3.3649914176172671E-003
   3.5324350400071790E-003
   3.6936490058602743E-003
   3.9753188348108709E-003
   4.1105046956498885E-003
   4.1509719208857824E-003
   4.6997953190199707E-003
   4.8523669766330178E-003
   4.9066367364359780E-003
   5.3186681796882421E-003
   5.6038248495602948E-003
   5.9275616428080468E-003
   6.0586563761175780E-003
   6.3945860553693869E-003
   6.6163603710288482E-003
   7.1359835193252766E-003
   7.1770361734002537E-003
   7.5757306630527483E-003
   7.8236698084516963E-003
   8.2586937364436831E-003
   8.4562189251716179E-003
   8.5522705142027089E-003
   8.8018147880216981E-003
   9.0370409548838088E-003
   9.1416770656694221E-003
   9.2436854417442902E-003
   9.4196992828513553E-003
   9.6355279572319652E-003
   1.0003905377853461E-002
   1.0105877825603557E-002
   1.0314078435995374E-002
   1.0540679661635265E-002
   1.0788782676823060E-002
   1.1000244015142144E-002
   1.1201655976641332E-002
   1.1304281067409867E-002
   1.1619422566074429E-002
   1.2298839098027620E-002
   1.2519185686184672E-002
   1.3006026337541918E-002
   1.3645847283066719E-002
   1.3995804887402308E-002
   1.4105632270154987E-002
   1.4640574773368515E-002
   1.4686004982111360E-002
   1.5074072545298117E-002
   1.5471281454372685E-002
   1.6427243149832356E-002
   1.6839720608698587E-002
   1.6917198334007084E-002
   1.7363093688093162E-002
   1.7664269964677886E-002
   1.7982257604005049E-002
   1.8306306279204262E-002
   1.8528521857427531E-002
   1.9267192917107240E-002
   1.9551314969270046E-002
   2.0242869331691896E-002
   2.0559807433821610E-002
   2.0973465714830195E-002
   2.1025143016855447E-002
   2.1274120078533146E-002
   2.1679625720326150E-002
   2.2075728828212304E-002
   2.2174427482576305E-002
   2.2658620636790541E-002
   2.2805038912783113E-002
   2.3148805864668363E-002
   2.3775455409585054E-002
   2.4468444065762464E-002
   2.5039349530172256E-002
   2.5401230843943832E-002
   2.5581766054895316E-002
   2.5971209103654521E-002
   2.6856674488542859E-002
   2.7667963668214498E-002
   2.8526369683240765E-002
   2.9207444319520527E-002
   2.9531016198765723E-002
   3.0049830766274158E-002
   3.1009173983133811E-002
   3.1227349534909077E-002
   3.1873241119576422E-002
   3.3151069453117014E-002
   3.3869053847624550E-002
   3.4802355944987338E-002
   3.5608631209733857E-002
   3.6016969622635925E-002
   3.7135227046682685E-002
   3.7357487055373409E-002
   3.8704205457377169E-002
   3.9002726932125871E-002
   3.9813432733514148E-002
   4.0286693757065166E-002
   4.0898834552897896E-002
   4.1221434879264371E-002
   4.2213265537592144E-002
   4.2873284593233474E-002
   4.3423083194243380E-002
   4.4009440222806090E-002
   4.4945673780126351E-002
   4.5215315739797202E-002
   4.5465757592957921E-002
   4.5861620767141696E-002
   4.7063745850345805E-002
   4.8223583321534751E-002
   4.8323252153797756E-002
   5.0310786820964432E-002
   5.0443276570317275E-002
   5.1630784159802837E-002
   5.3227222492148334E-002
   5.4136206703309021E-002
   5.4419505432287053E-002
   5.8030331890253674E-002
   5.8207509545767595E-002
   5.9057821165248235E-002
   6.0592436128552335E-002
   6.1714918831352918E-002
   6.4160053965775080E-002
   6.6167497637942579E-002
   6.8027242790697565E-002
   6.9016253859495946E-002
   7.1732504092389904E-002
   7.4053977742633170E-002
   7.6111327302681817E-002
   7.9478412331877385E-002
   8.2767922203984323E-002
   8.9868171601183669E-002
   9.1434934875755602E-002
   9.3376231694014530E-002
  0.10040057368441595     
  0.10579840250590730     
  0.10684524066874568     
  0.10925427274357438     
  0.11136951199871387     
  0.11239149037430772     
  0.11315151985890537     
  0.11571341054977481     
  0.11805451113769286     
  0.11867231525444213     
  0.12440517734190126     
  0.13098428445752625     
  0.13324164531767130     
  0.13982886565535557     
  0.14067663824804252     
  0.14302803579537146     
  0.14427942210596087     
  0.14460439237004996     
  0.15392317439631886     
  0.15470068684086588     
  0.15531918887903295     
  0.15572308900020126     
  0.16307819815155689     
  0.16451049343840510     
  0.17390948307498100     
  0.17644440931198735     
  0.17691660263432807     
  0.18063490007183600     
  0.18295471553898968     
  0.18662536069610250     
  0.18817830220203097     
  0.19009352883892622     
  0.20595842969104039     
  0.20618748590040420     
  0.20642407237661076     
  0.21037037915689530     
  0.21318536980454053     
  0.21612421858429795     
  0.22253640310516634     
  0.22510379750794687     
  0.23571935355986565     
  0.24076118992910722     
  0.24145255473976915     
  0.24640183113810171     
  0.25605306281397011     
  0.26390459608808109     
  0.26620849484832210     
  0.26796395880331508     
  0.26892163226864502     
  0.27264533591179541     
  0.27705269165948343     
  0.27722268119641735     
  0.28806959932393039     
  0.29273193502289857     
  0.30032202927134766     
  0.30500109994571739     
  0.30745025324914649     
  0.30845808961585386     
  0.30998102455616283     
  0.32993229938499413     
  0.33104271274192004     
  0.34274345854796373     
  0.34816605305931769     
  0.34976504297594779     
  0.35438178241146490     
  0.36172176037040804     
  0.36800765944121433     
  0.37846106867354312     
  0.40364194183210195     
  0.41233727648416907     
  0.41518758895735364     
  0.41615450183324060     
  0.43012282958126430     
  0.45033046359982443     
  0.45824269111287297     
  0.48107848682957183     
  0.50230764556550156     
  0.50608641425553924     
  0.54286718835000325     
  0.54504291463425747     
  0.55613876469458323     
  0.56244740367702550     
  0.57541197899978735     
  0.57999853353964670     
  0.58028012076750968     
  0.87881159690977506     
   1.0779687834463034     
   1.0900642328151884     
   1.1065468307966453     
   1.1482826311112080     
   1.1801778678420849     
   1.1841863465193188     
   1.2935618037540624     
   1.3304704563721030     
   1.3918185753653958     
   1.5159483220618268     
   1.6035074338188795     
   1.6692780291730767     
   1.7190008826655456     
   1.7720446984039144     
   1.7861985045264437     
   1.8789252999186767     
   1.8904017159012865     
   1.9059227559444842     
   1.9297101926348514     
   1.9338100493336547     
   1.9432958310199837     
   1.9437365170062599     
   1.9485553255474803     
   1.9534148666556137     
   1.9540230695423777     
   1.9564195362621211     
   1.9611947543054671     
   1.9667134723718700     
   1.9671548813669764     
   1.9734315727488942     
   1.9743942663768594     
   1.9757319844118253     
   1.9789079770018421     
   1.9792312960135248     
   1.9810850757504408     
   1.9847843309769788     
   1.9853918268892132     
   1.9882399938022528     
   1.9894866910200630     
   1.9937626942847169     
   1.9990558509562601     
   2.0034661590744549     
   2.0076610806360966     
   2.0081941596122155     
   2.0129623822151239     
   2.0189162024678171     
   2.0214791635216818     
   2.0217208477165842     
   2.0219605816510868     
   2.0253003570350083     
   2.0257627423313065     
   2.0276403228136957     
   2.0304960208294847     
   2.0306177659031199     
   2.0355603462197154     
   2.0389226594816745     
   2.0403324390133899     
   2.0407284600356497     
   2.0425246805144850     
   2.0445431319423970     
   2.0455461131070698     
   2.0468876072683804     
   2.0503850038888292     
   2.0515969412909429     
   2.0544252242835097     
   2.0553022340596776     
   2.0574660712217394     
   2.0623754478755507     
   2.0628511061306662     
   2.0663077085393327     
   2.0722990190455421     
   2.0734725623506765     
   2.0768744450830949     
   2.0776258306096431     
   2.0795113387893931     
   2.0834289031811486     
   2.0876820394600824     
   2.0897279286175019     
   2.0906199971607768     
   2.0915345085387775     
   2.0960178643595215     
   2.0999107309275971     
   2.1083791448750739     
   2.1117034953559379     
   2.1166834530708636     
   2.1258483781989224     
   2.1281424379471909     
   2.1306014414481105     
   2.1325752753086453     
   2.1337645435931458     
   2.1359468372926309     
   2.1505563025851471     
   2.1523860311772864     
   2.1567726462579264     
   2.1704530521952856     
   2.1741694228943049     
   2.1745985546408155     
   2.1846071818233717     
   2.1887028423665944     
   2.1994618030815793     
   2.2028007827131248     
   2.2133527924479459     
   2.2207780452205155     
   2.2267675086103784     
   2.2273997106814654     
   2.2329756795420090     
   2.2386152815421072     
   2.2396835759424278     
   2.2486498944059616     
   2.2514570603881654     
   2.2545196929223605     
   2.2644461171309125     
   2.2833163299214023     
   2.3136273135654206     
   2.3246152238317803     
   2.3524493132515185     
   2.4665930430077250     
   2.4950401063464041     
   2.6416580836098169     
   2.7476650109965952     
   2.8220930834832592     
   2.8654510489739553     
   2.8685219786505081     
   2.8969866491192469     
   2.8998178038864930     
   2.9554695786053871     
   2.9877051878096830     
   3.3007641204992004     
