 beta=   1.2570767718915392     
  -4.7780230370980830E-016
  -2.4898285547891507E-016
  -1.0151272967789548E-016
  -8.2859549907497393E-018
   8.7736322363124590E-017
   2.3011752402084961E-016
   3.7043144199567410E-003
   4.1473218253523878E-003
   5.7224719756284580E-003
   6.9449730668996127E-003
   8.1064910404496111E-003
   9.6403397520209086E-003
   9.9924411204618657E-003
   1.1461377325833742E-002
   1.2711734035544500E-002
   1.3806691764201564E-002
   1.4681952852319598E-002
   1.4945522308486905E-002
   1.6424259099879400E-002
   1.8846046388261175E-002
   1.9911226686807136E-002
   2.0349148434490771E-002
   2.1932733690853481E-002
   2.2681422532572909E-002
   2.3251102037271695E-002
   2.4205633676938412E-002
   2.5222947241163255E-002
   2.5957377919296518E-002
   2.8087213136837211E-002
   2.8363122965185342E-002
   2.9092381786332413E-002
   2.9706114716578445E-002
   3.0580734548693221E-002
   3.1417071838845810E-002
   3.2712439169241797E-002
   3.3740582500550106E-002
   3.4117034970103065E-002
   3.4974808460001075E-002
   3.6103865892527440E-002
   3.6803185868893133E-002
   3.7206973782904440E-002
   3.8829888395571596E-002
   3.9727152513749024E-002
   4.1520995341630382E-002
   4.1723775096433859E-002
   4.2758028990853715E-002
   4.3691837765879281E-002
   4.4151400315005321E-002
   4.4795533881622440E-002
   4.5669329494945399E-002
   4.5831873558238159E-002
   4.6145947003558639E-002
   4.7670940312051123E-002
   4.8590314812770111E-002
   4.9597427364631186E-002
   5.0103307118394690E-002
   5.1120237865157951E-002
   5.2681370906837700E-002
   5.3293117404859508E-002
   5.4332701080872889E-002
   5.4698502949696255E-002
   5.5365862968002395E-002
   5.6586564475722065E-002
   5.7648104360948242E-002
   5.7850561910590188E-002
   5.8916603189791673E-002
   5.9812057046894795E-002
   6.0405772809839810E-002
   6.1240202669144317E-002
   6.1753916635972732E-002
   6.3535486448510481E-002
   6.4378497244577046E-002
   6.4895854974202360E-002
   6.6058463715529578E-002
   6.6697214004603128E-002
   6.7126887382139316E-002
   6.8012444563868568E-002
   6.8577916380384810E-002
   6.9734510099768179E-002
   7.0214890583812709E-002
   7.0320699189179992E-002
   7.1279778984866440E-002
   7.1927484384700355E-002
   7.2460495842768924E-002
   7.2952768582379771E-002
   7.3481414970060235E-002
   7.4004886049137450E-002
   7.4531832723785954E-002
   7.5114895026410403E-002
   7.5897001578085752E-002
   7.6533831253085452E-002
   7.6977467404463262E-002
   7.8005094278872450E-002
   7.9185033264693186E-002
   7.9366361385117004E-002
   8.0405037608288557E-002
   8.1059412132835490E-002
   8.1838987394574153E-002
   8.1886983933538729E-002
   8.2687514189117670E-002
   8.3545870426370683E-002
   8.4111116915869422E-002
   8.4856768541159158E-002
   8.5361137981291232E-002
   8.6402869887019743E-002
   8.7042701473446546E-002
   8.7847583564957504E-002
   8.7903683444025105E-002
   8.8251763086703988E-002
   8.9219421481074507E-002
   8.9540505523930738E-002
   9.0610187835009876E-002
   9.1271356769926926E-002
   9.2405736989389475E-002
   9.2744214582173301E-002
   9.2896329680020054E-002
   9.3817179718471935E-002
   9.4546453648491985E-002
   9.5609527485436344E-002
   9.6886035077115393E-002
   9.8351023564147350E-002
   9.8779920930551754E-002
   9.9718835529475844E-002
  0.10135070704212429     
  0.10175316898257088     
  0.10181825481898214     
  0.10398422763630276     
  0.10498091080273868     
  0.10556486021617656     
  0.10671107291903735     
  0.10908580493977041     
  0.10954788771352199     
  0.11075954809417665     
  0.11082328465927203     
  0.11180044456079746     
  0.11337423222792518     
  0.11368221419986028     
  0.11449448385639048     
  0.11583490322084281     
  0.11663503794853979     
  0.11729095982195711     
  0.11816482139534523     
  0.12018287824870635     
  0.12108712280493934     
  0.12235708869057998     
  0.12317059490945877     
  0.12518267261300620     
  0.12557672151398969     
  0.12787604521016568     
  0.12909856922204488     
  0.12982818892656225     
  0.13063869386384308     
  0.13206256612619430     
  0.13430394646614460     
  0.13441474217173169     
  0.13661073974024679     
  0.13837656535214091     
  0.13958739739744311     
  0.14075428061408285     
  0.14192752800885322     
  0.14388207258574504     
  0.14590022591962126     
  0.14627291189367789     
  0.15051659182579233     
  0.15089492484799225     
  0.15165954956892252     
  0.15460435118340227     
  0.15604361713416182     
  0.15753493744289834     
  0.16054328282404209     
  0.16087274818335934     
  0.16211084761172967     
  0.16430744727511912     
  0.16845707840798566     
  0.16900862649852000     
  0.17062304258891578     
  0.17634729091959792     
  0.17879528418822463     
  0.18010335258833193     
  0.18206165587836784     
  0.18546535506365863     
  0.18835860116467557     
  0.18866637568747577     
  0.19387514883274362     
  0.19656978526179045     
  0.19829322497927354     
  0.20491422122753750     
  0.20580565571763068     
  0.21316459626388226     
  0.21673210963629841     
  0.22062102958404278     
  0.22226995803662658     
  0.22346624023442802     
  0.22646528797612858     
  0.23243843803278488     
  0.23480620073156169     
  0.23488713568444289     
  0.23885843210213853     
  0.24392834092471430     
  0.24801490494929884     
  0.25033580513389964     
  0.25363950181847944     
  0.25553076727049995     
  0.25886597509310799     
  0.25991894032547996     
  0.26270528625529871     
  0.26323422523963652     
  0.26850160851587357     
  0.27328063999276814     
  0.28459581454078670     
  0.28757496245140607     
  0.29337534097841433     
  0.29793919286228232     
  0.30370557767180112     
  0.30986299066092454     
  0.31337483706956454     
  0.31787412673203602     
  0.31999926632159337     
  0.32256099348748574     
  0.32380567363986978     
  0.32773388887344779     
  0.33192516989072229     
  0.33337765216156406     
  0.33905692315349956     
  0.34922083306736845     
  0.35243916788678203     
  0.35723267023059013     
  0.36449357008970940     
  0.36773223679656869     
  0.37532842695159235     
  0.38001866390051320     
  0.38605731983038744     
  0.38917468988793075     
  0.39348419573576326     
  0.39943723663062713     
  0.40922378796312425     
  0.41807444116092052     
  0.41830268688813244     
  0.42899932565551935     
  0.43379815310873865     
  0.43844209228417125     
  0.44636502182920140     
  0.45031022088769551     
  0.45178715623439164     
  0.47596224478375088     
  0.49600490982148071     
  0.49910105269821742     
  0.51001382835392950     
  0.52559262009215446     
  0.53230401088224288     
  0.55601412767933656     
  0.56769149202314040     
  0.58456267156439012     
  0.59904227499364637     
  0.60366731366317150     
  0.62008802527001738     
  0.62209042289340677     
  0.64840955231305786     
  0.65617027178000353     
  0.66400782218139265     
  0.67782840225461516     
  0.94322270351518889     
   1.1321047688918062     
   1.1566517825904559     
   1.1783363180135193     
   1.1883245639291553     
   1.2149228692259710     
   1.2269036126528325     
   1.3473835250157757     
   1.3957663618484122     
   1.4445309272917226     
   1.5675489000236442     
   1.6709844944980075     
   1.7226476862011111     
   1.7697366543699404     
   1.8109844347233865     
   1.8268311554519996     
   1.9265226097337129     
   1.9333346040711781     
   1.9587640487479627     
   1.9839850557521941     
   1.9956805791991925     
   1.9985842139818020     
   2.0032160026995247     
   2.0098116951981879     
   2.0126410423413019     
   2.0155542482574549     
   2.0159094629816563     
   2.0207865269282110     
   2.0271432255588735     
   2.0300365563104990     
   2.0315107140122142     
   2.0331848190398798     
   2.0337644810469979     
   2.0372089246397991     
   2.0382796300200687     
   2.0404939403532421     
   2.0421654705025523     
   2.0476585428396987     
   2.0496297908488428     
   2.0548248960749644     
   2.0563436674109594     
   2.0570966188316926     
   2.0583517642790761     
   2.0601595948453770     
   2.0738110507872705     
   2.0751694997605639     
   2.0795854693763012     
   2.0801402349814109     
   2.0806836612609856     
   2.0846016471592272     
   2.0885217276678585     
   2.0912730190426028     
   2.0921345796758239     
   2.0927272006010385     
   2.0930489895219413     
   2.0973269076851651     
   2.1025231371072408     
   2.1050258344694517     
   2.1074165924451189     
   2.1126936362896944     
   2.1143110436567754     
   2.1155448189441972     
   2.1160860374788273     
   2.1181713709846917     
   2.1219675029829772     
   2.1261319402941883     
   2.1303446803665262     
   2.1306572961793990     
   2.1354455761322235     
   2.1376615525928870     
   2.1413985328936422     
   2.1419489958152900     
   2.1464577003063852     
   2.1480011547146889     
   2.1494112276911648     
   2.1532425767117518     
   2.1542247781550645     
   2.1558374754721310     
   2.1589432442811680     
   2.1594639674483114     
   2.1610335342517604     
   2.1689807416216054     
   2.1766921378827435     
   2.1828104480370749     
   2.1865736316978626     
   2.1912370716771759     
   2.1936053071252690     
   2.2021503699308633     
   2.2066605476252099     
   2.2090544335430877     
   2.2105738530305876     
   2.2154026307998942     
   2.2187869716331390     
   2.2208164815398268     
   2.2347206865830977     
   2.2407029939181937     
   2.2424605539082680     
   2.2449291374005904     
   2.2553834034519373     
   2.2700458475699907     
   2.2752342394901461     
   2.2775985872457061     
   2.2808041521586015     
   2.2928457748645266     
   2.2981226063004270     
   2.2993274602488922     
   2.3078518617971016     
   2.3141694538834887     
   2.3152043617345126     
   2.3206001306844848     
   2.3221489672889435     
   2.3228572463806128     
   2.3350872177579713     
   2.3496338795995841     
   2.3519809559448488     
   2.3660045571310784     
   2.3971930886205111     
   2.5116448301421666     
   2.5685257097127501     
   2.6895348984600025     
   2.8112635178137753     
   2.8549229248146384     
   2.8997054969484592     
   2.9271497678805138     
   2.9330705642714623     
   2.9492111095976723     
   3.0285536488137299     
   3.0364618081248946     
   3.3441943477936804     
