 beta=   3.5482565700249196     
  -9.4857610885329466E-016
  -8.4936791024273114E-016
  -4.3548964563923817E-016
  -6.4523199678633834E-017
   2.4209942670154983E-016
   1.9058093934334400E-015
   1.8415718023253220E-002
   2.2263273339866455E-002
   2.6623864141090352E-002
   3.0898320617648082E-002
   3.4897244343622645E-002
   3.9335386620003854E-002
   4.1012371708864653E-002
   4.9892909083147544E-002
   5.1334535130738164E-002
   5.4853602132781842E-002
   5.8199812475561497E-002
   5.9947239106185796E-002
   6.2154094895079295E-002
   6.4328545184819716E-002
   7.0824390172859977E-002
   7.2055568542071402E-002
   7.2936494344040467E-002
   7.8163182249126731E-002
   7.9872182601438302E-002
   8.0548084199819375E-002
   8.2611859979685662E-002
   8.3788034883261961E-002
   8.6246949396017555E-002
   8.6517952158518305E-002
   9.0233927364363101E-002
   9.1425270826123103E-002
   9.2582510874673909E-002
   9.3744906935822270E-002
   9.4480413866583818E-002
   9.8964738279858480E-002
  0.10144336344142429     
  0.10308232482384586     
  0.10485483546020825     
  0.10612512477111934     
  0.10920117024699308     
  0.11209481155589060     
  0.11500556105310668     
  0.11640049463050529     
  0.11705059532222835     
  0.11816913810668528     
  0.11955803172403469     
  0.12044669096129414     
  0.12177566955565995     
  0.12418696936782656     
  0.12640230897236654     
  0.12769324482463337     
  0.13083920036547902     
  0.13118154873218926     
  0.13187212389759567     
  0.13383509836668886     
  0.13625190795578526     
  0.13839732587575268     
  0.14079823096466770     
  0.14186846628260846     
  0.14341395910062463     
  0.14473367425094336     
  0.14580918909529308     
  0.14788819243674145     
  0.15003476486456763     
  0.15037638805096695     
  0.15407273648453773     
  0.15519790126423083     
  0.15665211881171973     
  0.15811730516448444     
  0.15984657560769369     
  0.16156701408368479     
  0.16247443227456912     
  0.16274172809908558     
  0.16382683367521547     
  0.16567689026325289     
  0.16648075645925842     
  0.16827864691209568     
  0.16971936507064281     
  0.17008375094538994     
  0.17187060382997776     
  0.17450411309393352     
  0.17527420953221112     
  0.17610832994078141     
  0.17858938190613335     
  0.17936318754461072     
  0.18021244616257481     
  0.18067011591992885     
  0.18261026447264272     
  0.18364342012317536     
  0.18447341479617332     
  0.18660644543209604     
  0.18873081610625633     
  0.18939020583147875     
  0.19038961187168579     
  0.19173200769533172     
  0.19247824658823440     
  0.19288584449527674     
  0.19383943609304988     
  0.19461471206682929     
  0.19481228274139076     
  0.19656126099898605     
  0.19945601467943308     
  0.20007407576225900     
  0.20080940867351185     
  0.20217815613421855     
  0.20386955591704256     
  0.20410213346530973     
  0.20500423568029061     
  0.20602340252848605     
  0.20700789748501974     
  0.20856811429722741     
  0.20916849103133472     
  0.21057807179503460     
  0.21113739239830318     
  0.21176718541175990     
  0.21271308398835317     
  0.21387449863056887     
  0.21571974765678553     
  0.21640961404236589     
  0.21694827255405671     
  0.21893176241280213     
  0.22145050722304419     
  0.22181294853855862     
  0.22190685062863327     
  0.22482810646802953     
  0.22501445459956429     
  0.22635823512224890     
  0.22776565312654162     
  0.22815374716351844     
  0.22913014492023892     
  0.23204844255973905     
  0.23261762551926121     
  0.23460179748111137     
  0.23569355737547160     
  0.23593313816027939     
  0.23809250011778918     
  0.23910203151005241     
  0.24217878518011735     
  0.24310830573443717     
  0.24482240542564249     
  0.24520961592971699     
  0.24737420227180959     
  0.24849147897850918     
  0.25020900816646835     
  0.25107126979768973     
  0.25217258942153659     
  0.25322152718427882     
  0.25610367196645728     
  0.25792868881772513     
  0.26055397065998015     
  0.26068554173044961     
  0.26176867864150516     
  0.26346234998664253     
  0.26395281338114540     
  0.26514417143375563     
  0.26725024649909829     
  0.26809557766792169     
  0.26961325062718378     
  0.26992935775260307     
  0.27152077741983338     
  0.27475029137388851     
  0.27577505836721394     
  0.27742939245277332     
  0.27799332484356137     
  0.28012174033490311     
  0.28148985079899957     
  0.28590819054240585     
  0.28642900496653495     
  0.28862279257101847     
  0.29043848822561563     
  0.29272700699642240     
  0.29529388898531450     
  0.29629013296595774     
  0.29906925856714456     
  0.30115597928614329     
  0.30461944409906022     
  0.30522997758503434     
  0.30720955051637938     
  0.31306526169852400     
  0.31544194235234385     
  0.32000253815994129     
  0.32594849367373674     
  0.32807036919995469     
  0.33409200621845569     
  0.33522164681908512     
  0.33928625903035808     
  0.34004138678614237     
  0.34234898266930774     
  0.34410900390457250     
  0.35095974118481560     
  0.35467465117291885     
  0.35650307840425999     
  0.35848135740878267     
  0.36128230974893399     
  0.36330235128914345     
  0.36589306023400919     
  0.37122723477499425     
  0.37930676418904646     
  0.38342650936045874     
  0.38654243516548503     
  0.38992574975125727     
  0.39224004771906890     
  0.39488063382936045     
  0.39768261658631127     
  0.40062992943466275     
  0.40496328768658157     
  0.40591313217529607     
  0.40872500456753968     
  0.41272130303297672     
  0.41944448709953758     
  0.42620145955292721     
  0.42885749582139376     
  0.43350945490992454     
  0.43799184749746667     
  0.44314211588294250     
  0.44782239110010919     
  0.44834031260589730     
  0.45631799684468072     
  0.46046161807005315     
  0.46432488865384169     
  0.47014220657349087     
  0.47544567915786512     
  0.48297600829973292     
  0.48907505803091128     
  0.49585873862912816     
  0.50029890802470756     
  0.50256085101296533     
  0.50587992793618031     
  0.51080533277985851     
  0.51596398573148761     
  0.52058897571400276     
  0.52538405634237806     
  0.52903784261462050     
  0.53294862184191838     
  0.54148541458503130     
  0.55379952796184773     
  0.55787932311666855     
  0.56203462716525254     
  0.58096912835782166     
  0.58465236947632071     
  0.59277741834256625     
  0.60544789030630342     
  0.62161849501889244     
  0.63688203574463531     
  0.63885900876710566     
  0.65497425535502463     
  0.65952369866976701     
  0.66930682991645241     
  0.68390440488002668     
  0.70642794496839956     
  0.71328386584817449     
  0.72287171207616807     
  0.76165630675800056     
  0.77456855084279386     
  0.78790580080227257     
  0.79424615691504630     
  0.83299960336044121     
  0.83470980264343964     
  0.84447549438222291     
   1.0281373624900292     
   1.2104345834090162     
   1.2494792760646214     
   1.2665817986707018     
   1.2851143762466521     
   1.2903348155916039     
   1.2977338390131736     
   1.4277282701479952     
   1.5151429825738132     
   1.5260119617728414     
   1.6387703382761487     
   1.7853313161150339     
   1.8100643202773932     
   1.8703459214945082     
   1.8742880471836185     
   1.8961435409510519     
   1.9740708454557192     
   2.0046544525324910     
   2.0221555812389709     
   2.0480873200206466     
   2.0654642913218262     
   2.0691237317659197     
   2.0705876768580138     
   2.0713781074032891     
   2.0763190430253791     
   2.0898985098353804     
   2.0900792763266005     
   2.1038725864602013     
   2.1130413793528011     
   2.1141334465927724     
   2.1182479881723193     
   2.1239459079492282     
   2.1261970347276775     
   2.1296458487884680     
   2.1352201820249941     
   2.1456943161986350     
   2.1480675158564497     
   2.1526959051635477     
   2.1586984676019556     
   2.1640773119520365     
   2.1661236622307531     
   2.1681561673747396     
   2.1697798126112504     
   2.1717042570950054     
   2.1741682962646083     
   2.1759621979471047     
   2.1785370100818873     
   2.1805104446619148     
   2.1819722939004378     
   2.1857097497113185     
   2.1930242000448739     
   2.1935413859732500     
   2.2005538250916605     
   2.2029488606140628     
   2.2139029632625764     
   2.2166262576298936     
   2.2206822247942961     
   2.2226133484672959     
   2.2260577605855350     
   2.2282413348501664     
   2.2305331124566061     
   2.2336576285721921     
   2.2363036713893023     
   2.2380484818274282     
   2.2403801454259189     
   2.2422097762085493     
   2.2463403992935485     
   2.2539987667142909     
   2.2549215320928910     
   2.2582742442429757     
   2.2591076794347495     
   2.2615040867864575     
   2.2694547374151868     
   2.2702938477496333     
   2.2723071956226670     
   2.2756089220401532     
   2.2768669057436060     
   2.2792329368274054     
   2.2826591334561810     
   2.2842365028328215     
   2.2856567680051434     
   2.2877436934556714     
   2.2965634400755022     
   2.2989360963262788     
   2.3001576646996811     
   2.3075556628334164     
   2.3125399508215581     
   2.3219898984019376     
   2.3237000434765100     
   2.3275324433403268     
   2.3334926777648297     
   2.3377777582331452     
   2.3447431194887263     
   2.3492419720214301     
   2.3525508819231002     
   2.3535392463018652     
   2.3569185230678333     
   2.3601719390992164     
   2.3660940837934428     
   2.3875185007830115     
   2.3880062956188173     
   2.3926038453954583     
   2.3951746215328811     
   2.4064011887272678     
   2.4090028131012029     
   2.4145219701400600     
   2.4148497187979134     
   2.4194661296287299     
   2.4233308772630542     
   2.4357809731098437     
   2.4472020034728370     
   2.4495943497732435     
   2.4548748365904851     
   2.4597770516999171     
   2.4704013405250618     
   2.4861166623020128     
   2.4933991787461154     
   2.5077033866604608     
   2.5935108079075020     
   2.6686937899163308     
   2.7692346718566023     
   2.9199150381653465     
   2.9312531923687497     
   2.9811844966470789     
   2.9931580860123290     
   3.0018721631330156     
   3.0232094714867808     
   3.1073415950510994     
   3.1391894611000213     
   3.4001886538075805     
