 beta=  0.87201314252063955     
  -4.5347866127271413E-016
  -1.7987666646725040E-016
  -6.4879833126028871E-017
   2.2567432367680247E-016
   2.9577043228518725E-016
   3.5063933337178980E-016
   2.1394108976395643E-003
   2.5263522457827422E-003
   3.4741197259909040E-003
   3.9209377399143748E-003
   5.2233597900363292E-003
   5.5280909654504230E-003
   6.4050406782608007E-003
   6.8080453243358355E-003
   7.3263270046485616E-003
   8.0213549045404890E-003
   8.8979385242212231E-003
   9.4436194058507717E-003
   1.0538568308113977E-002
   1.1066531353182521E-002
   1.2415331337265238E-002
   1.3320450098002104E-002
   1.3819275263340371E-002
   1.5041839780277601E-002
   1.5396459371459814E-002
   1.5781682831588068E-002
   1.6486379710813470E-002
   1.8535753204126721E-002
   1.8859820893334982E-002
   1.9230558364518407E-002
   1.9932180388891812E-002
   2.0972339949194434E-002
   2.1316929235075527E-002
   2.2470480237002856E-002
   2.2734395412074695E-002
   2.3568233249855939E-002
   2.4428948732742772E-002
   2.5325270863109008E-002
   2.6663617882536746E-002
   2.6996800455829285E-002
   2.8115836337374415E-002
   2.9260608764888778E-002
   3.0040183455112585E-002
   3.0811044202184355E-002
   3.1372023640322252E-002
   3.1512776428713481E-002
   3.2968453432383235E-002
   3.3628284630509868E-002
   3.4290656653209545E-002
   3.5269989182206307E-002
   3.5340682934485820E-002
   3.5793719086426978E-002
   3.6347954991770237E-002
   3.6808019109999951E-002
   3.7275708215238838E-002
   3.8124183536362211E-002
   3.9221267923623300E-002
   3.9892588349695002E-002
   4.0174174786394214E-002
   4.0867167138146289E-002
   4.2312219267908333E-002
   4.2693345472716741E-002
   4.2730712322139576E-002
   4.3552753309295068E-002
   4.4194635855987346E-002
   4.5533344735234009E-002
   4.5656943695901890E-002
   4.6677631930091119E-002
   4.7028010920032573E-002
   4.7175147293283377E-002
   4.7306247727189325E-002
   4.8440503315265435E-002
   4.8724081557498869E-002
   4.9578152028665411E-002
   5.0309602129076432E-002
   5.0566569432758210E-002
   5.1272382594678222E-002
   5.1554511101249263E-002
   5.2059877013751477E-002
   5.2376575755372912E-002
   5.2734779321997126E-002
   5.3286203896177067E-002
   5.4051234459170275E-002
   5.4495364943102108E-002
   5.4603982683850569E-002
   5.5208855849877260E-002
   5.5687482920351784E-002
   5.6244020216539570E-002
   5.6814037188546336E-002
   5.7789618688169515E-002
   5.8801444897332585E-002
   5.9106961041172253E-002
   6.0092429276154491E-002
   6.0399630068744305E-002
   6.1218368918384052E-002
   6.2018078257722993E-002
   6.2264638741554704E-002
   6.2531417621877181E-002
   6.3130943642673257E-002
   6.3923763437224307E-002
   6.4923792092985100E-002
   6.5305751699174713E-002
   6.6530649819699236E-002
   6.6784453981473146E-002
   6.7170844278953340E-002
   6.8049355986168666E-002
   6.8399933489553019E-002
   6.9352815233885326E-002
   6.9767470421711247E-002
   7.0409542014842424E-002
   7.0880438773506763E-002
   7.1331299075512347E-002
   7.1507568091652665E-002
   7.2922334746506015E-002
   7.3562032369476130E-002
   7.4503227763100505E-002
   7.5182353539832630E-002
   7.6135326983350501E-002
   7.6873843647756041E-002
   7.7453660105629957E-002
   7.8654234568632686E-002
   7.8750930946207845E-002
   8.0520972524678505E-002
   8.1103927674758033E-002
   8.2639367279869855E-002
   8.3086232041713018E-002
   8.3528934275270292E-002
   8.5102592864627236E-002
   8.5388871124788837E-002
   8.6073531075418819E-002
   8.7590937955572490E-002
   8.8564409049022630E-002
   8.9597270109164254E-002
   9.0915112785180829E-002
   9.1601788564620659E-002
   9.1761815900038360E-002
   9.3081791128406421E-002
   9.4448101164647622E-002
   9.5277399042673933E-002
   9.5989544942989627E-002
   9.7400151977757254E-002
   9.7545724297031969E-002
   9.7950111009279320E-002
   9.9297709132837642E-002
  0.10027700072574379     
  0.10121331702597562     
  0.10241527338118599     
  0.10312495373428501     
  0.10472629504326234     
  0.10705230773297295     
  0.10803801364863908     
  0.10888976511396017     
  0.10943741300267934     
  0.11053787045912802     
  0.11230714373819999     
  0.11300834630195263     
  0.11457716976896180     
  0.11557557863305723     
  0.11831326836682771     
  0.11887306773315082     
  0.11990476732439126     
  0.12106648620954572     
  0.12561847120727138     
  0.12793365878678215     
  0.12827969609733439     
  0.12960504347706059     
  0.13174327177372119     
  0.13363284937232173     
  0.13498078350103199     
  0.13895265061411347     
  0.13934923178989123     
  0.14331084369027725     
  0.14476345447241798     
  0.14824301323477512     
  0.15127546519759080     
  0.15254258835383933     
  0.15497095613698833     
  0.15983099870406098     
  0.16156520463837681     
  0.16372238568562208     
  0.16841088300983945     
  0.16881971650725638     
  0.17207860502358979     
  0.17520182793525055     
  0.17755096606408663     
  0.18335174630871401     
  0.18710663722150500     
  0.19251910023553320     
  0.19666003558703557     
  0.20044855918358415     
  0.20375111182517017     
  0.20698742597359890     
  0.20750294838950717     
  0.21087414207966002     
  0.21503657834933412     
  0.21726797384080079     
  0.21861413230062185     
  0.22052181754470385     
  0.22125818503797376     
  0.23050719311093673     
  0.23401123909550881     
  0.23625006112790037     
  0.23856830672010429     
  0.24220130101547852     
  0.24323297341577904     
  0.24497760632221274     
  0.24914089173772455     
  0.25081560745061376     
  0.25224509903889208     
  0.27099869914805846     
  0.27345355376497232     
  0.27561988073248866     
  0.28253083642779864     
  0.28715786891751655     
  0.28938164655985721     
  0.29584080059885304     
  0.29925876875876101     
  0.30298327704499567     
  0.30535408091306582     
  0.31062283500804933     
  0.31362590854229822     
  0.31626156772383668     
  0.31929758165537075     
  0.32064335357803386     
  0.33467752450491089     
  0.33645864950801341     
  0.33751306547159032     
  0.34012927886801353     
  0.35439210558994022     
  0.35919219621706389     
  0.36005706136846582     
  0.36459147825138410     
  0.37371721201133179     
  0.37517840681022380     
  0.37706033524340377     
  0.39763472065322725     
  0.40340742172173555     
  0.40351876220911265     
  0.40808175790567464     
  0.41270515275975900     
  0.42017625685552690     
  0.43261384901675404     
  0.43663184046134978     
  0.43875012467386398     
  0.46695937905125995     
  0.47327335657769093     
  0.47888211215701476     
  0.48861977630514380     
  0.50815775442138233     
  0.51929079989678295     
  0.54363765035897793     
  0.55105986617614355     
  0.56743633793561654     
  0.57805560909203635     
  0.59300467685503200     
  0.60392576079952887     
  0.60487998848951541     
  0.63634055449395222     
  0.63784470751018596     
  0.64488438223946210     
  0.65945433028191280     
  0.93123711368661310     
   1.1166502989071867     
   1.1428565661338641     
   1.1623868676268463     
   1.1814613435811310     
   1.2074186100798368     
   1.2156608783275156     
   1.3371592427194576     
   1.3810844884070455     
   1.4333096084874055     
   1.5547405370944303     
   1.6593219046542651     
   1.7115795513030225     
   1.7536699545254457     
   1.7990711270502115     
   1.8194863000259505     
   1.9173977336817580     
   1.9211411122293927     
   1.9483675641863969     
   1.9727026111009802     
   1.9794846647968907     
   1.9850933180510721     
   1.9881992588753543     
   1.9933254221969647     
   1.9942078847695639     
   1.9956328292636489     
   2.0013691685203390     
   2.0028666119860468     
   2.0123290451180575     
   2.0140009999412096     
   2.0188243365409075     
   2.0199479066141608     
   2.0204017924898916     
   2.0222151661420713     
   2.0250968097836668     
   2.0260878060646044     
   2.0270999879500198     
   2.0278509406571246     
   2.0300083998515457     
   2.0341700802500768     
   2.0346678822895066     
   2.0360769791260540     
   2.0380054172361137     
   2.0418482451825826     
   2.0547176683919504     
   2.0597199794413470     
   2.0615869247621177     
   2.0634642027228511     
   2.0649434572409406     
   2.0677229645701045     
   2.0686827676191388     
   2.0698072521019935     
   2.0722410119175128     
   2.0775585210129930     
   2.0781533155630614     
   2.0786754140414558     
   2.0804296478843587     
   2.0827846507485948     
   2.0887410704621372     
   2.0908556311667690     
   2.0916277708758515     
   2.0922937654207003     
   2.0938884469348915     
   2.0955637217727809     
   2.0994418501783576     
   2.1048593339637582     
   2.1064554124936832     
   2.1076605498562833     
   2.1112098897080469     
   2.1179490001753871     
   2.1181601412317734     
   2.1200221710552682     
   2.1231441598084553     
   2.1278928501545549     
   2.1297456834612971     
   2.1319227015376230     
   2.1344939875849338     
   2.1373272075150811     
   2.1388826690841851     
   2.1422338060320927     
   2.1433852289388500     
   2.1474648401276322     
   2.1522701457901361     
   2.1614470124612550     
   2.1703655265840940     
   2.1730023267245411     
   2.1743615078341532     
   2.1807059512647822     
   2.1837445803894471     
   2.1848193144657659     
   2.1904407824959065     
   2.1936078283636564     
   2.1966935418229712     
   2.2007696941777986     
   2.2156540806258014     
   2.2180071372987982     
   2.2243196332678941     
   2.2265410081639696     
   2.2299964993400416     
   2.2474786686948316     
   2.2507294409388781     
   2.2588179356011366     
   2.2674860352710486     
   2.2754959136068251     
   2.2798738574763293     
   2.2814510262302470     
   2.2854997044745016     
   2.2910107050540214     
   2.2979980970558525     
   2.3033674966820068     
   2.3059529691908813     
   2.3092322939898904     
   2.3154680932405722     
   2.3273960070253561     
   2.3384502094584043     
   2.3514605871922103     
   2.3839888551511632     
   2.4964257621960408     
   2.5417464456051326     
   2.6810381546343507     
   2.7968909737939294     
   2.8491684867179141     
   2.8892151543496332     
   2.9109368533071254     
   2.9295947735919943     
   2.9385288776562395     
   3.0115875251184643     
   3.0237619684506187     
   3.3323839178548869     
