 beta=   1.6814537937929410     
  -2.0727032080254481E-016
  -6.0268348752451785E-017
   1.4819407868374925E-016
   4.6765354288787164E-016
   8.0200054301603742E-016
   9.9201501087794895E-016
   5.5074270367471007E-003
   6.9332360074905600E-003
   8.6569162336486444E-003
   1.0980716182364011E-002
   1.1939910315600669E-002
   1.4054746969682249E-002
   1.4990156509952670E-002
   1.6734499106177175E-002
   1.8898429081751086E-002
   2.0478191625139801E-002
   2.1213440776801307E-002
   2.2105536754314998E-002
   2.4025713095178158E-002
   2.5891763682009905E-002
   2.8120050473238938E-002
   2.9204907902653503E-002
   3.0552084408219934E-002
   3.1029261507779744E-002
   3.1975640895934812E-002
   3.3185325971108362E-002
   3.4741036551428052E-002
   3.6566463539026560E-002
   3.8121676461629929E-002
   3.8947491331798645E-002
   3.9621560566215533E-002
   4.0895320427718131E-002
   4.2152291054855247E-002
   4.2537470025271321E-002
   4.3583847795961646E-002
   4.6187420549378889E-002
   4.7000578891774586E-002
   4.7324355918603470E-002
   4.8996899626970028E-002
   4.9861589388193094E-002
   5.0317586588393207E-002
   5.1740878833195107E-002
   5.3281544826804340E-002
   5.3940375225773496E-002
   5.5282720478289131E-002
   5.6065043625312019E-002
   5.6779528760528643E-002
   5.7646596440816697E-002
   5.9563573980004510E-002
   6.0198130808777235E-002
   6.1785782566574993E-002
   6.2832291405641408E-002
   6.3568427314851766E-002
   6.4071001751604642E-002
   6.5206611035351900E-002
   6.6189923770116094E-002
   6.6323233619706545E-002
   6.7973453114410776E-002
   6.8137885601709594E-002
   6.9570374712675728E-002
   6.9934483360000341E-002
   7.1195908088762139E-002
   7.1981471578886805E-002
   7.2566174509554521E-002
   7.3517567875429124E-002
   7.3979632593163910E-002
   7.5349552667875005E-002
   7.6251129125090397E-002
   7.6587470461634291E-002
   7.8558996197025735E-002
   7.8907375180970254E-002
   7.9458832613221120E-002
   8.0148584110513621E-002
   8.2033662487159653E-002
   8.2716904890369161E-002
   8.3744010891764142E-002
   8.4226114138754651E-002
   8.4742760182500737E-002
   8.6826437329143455E-002
   8.7117633595872712E-002
   8.7695702009243509E-002
   8.8614747048702591E-002
   8.9407978776523137E-002
   8.9883626401068506E-002
   9.1157818765457352E-002
   9.2277945680536988E-002
   9.2739739487784592E-002
   9.3397477928433684E-002
   9.3976437387190775E-002
   9.4230853663873140E-002
   9.4966053931411304E-002
   9.5537625428500250E-002
   9.6958706228899724E-002
   9.7156529985273229E-002
   9.8312323028958787E-002
   9.8646531986265829E-002
  0.10052996192918763     
  0.10061130462747696     
  0.10147546366576174     
  0.10281304841943301     
  0.10328220335575901     
  0.10360323469848418     
  0.10464732129483921     
  0.10503014104117339     
  0.10587870030604257     
  0.10710622022328131     
  0.10827700201319848     
  0.10856706436264230     
  0.10910633082261921     
  0.10928262035869836     
  0.11053114514626225     
  0.11125301086386705     
  0.11195833891261818     
  0.11255769304760431     
  0.11274356899302297     
  0.11307597621848051     
  0.11424253179131376     
  0.11568130376036563     
  0.11684227294582879     
  0.11865446486676394     
  0.11976842711040769     
  0.12157401712638387     
  0.12210051540233011     
  0.12267578115632927     
  0.12315787311645196     
  0.12416212611482859     
  0.12534006129383388     
  0.12593340799189959     
  0.12650798071292840     
  0.12710212953738712     
  0.12985133514921271     
  0.12990083748181086     
  0.13179795632127750     
  0.13316045525302847     
  0.13550812889141997     
  0.13603042395969420     
  0.13718006977790628     
  0.13774384750986404     
  0.13945627130236637     
  0.14104273333413145     
  0.14199966522982060     
  0.14394400537336868     
  0.14461916651343332     
  0.14564665956745898     
  0.14656903916557903     
  0.14779918674698037     
  0.14847176934741529     
  0.15055574701753843     
  0.15165181972804820     
  0.15280254258139453     
  0.15392466793199658     
  0.15524854267370106     
  0.15616740208200500     
  0.15809545066837025     
  0.15953877977004982     
  0.16100719112853917     
  0.16132158783777559     
  0.16456704425629265     
  0.16646582509141275     
  0.16827508434383753     
  0.16968778738878704     
  0.17011577183407742     
  0.17152416959837199     
  0.17224774359644102     
  0.17493036906109860     
  0.17727894890699306     
  0.17842500857210758     
  0.18014944563664925     
  0.18180714921848268     
  0.18270335134349647     
  0.18325458990217564     
  0.18625179069486603     
  0.18708580224096899     
  0.18922366414432301     
  0.19303254149156676     
  0.19405674940169149     
  0.19708106446796630     
  0.19977856118617809     
  0.20265046061982397     
  0.20436793692727176     
  0.20918437117029698     
  0.21224327753298644     
  0.21332361097424229     
  0.21806359630105129     
  0.21978177646767366     
  0.22059969626474471     
  0.22281031235053333     
  0.22942404764693966     
  0.23494684199843838     
  0.23613760022645489     
  0.23931643690080978     
  0.24400056522434233     
  0.24776699463734209     
  0.25301549941121732     
  0.25396605373170084     
  0.25559135000919758     
  0.26194105277750152     
  0.26582162714541907     
  0.26748092018146064     
  0.27000728576414701     
  0.27343967197071212     
  0.27628993660417583     
  0.27791536292800328     
  0.27848348723924760     
  0.28347313007719027     
  0.28544587064742694     
  0.28712838661372170     
  0.29606521658037016     
  0.29990959618732443     
  0.30057225087775091     
  0.30535810864426866     
  0.31718191849460908     
  0.32260465301331381     
  0.32602803273603226     
  0.33130861878698697     
  0.33453334890501690     
  0.33699252265456031     
  0.33844881889342232     
  0.34036307211116612     
  0.34157808170148823     
  0.34755006066651961     
  0.35171058624824791     
  0.35580000226758568     
  0.36095186653519057     
  0.37022644159776030     
  0.37629609520927421     
  0.37795374638932527     
  0.38955750878306888     
  0.39130822148359279     
  0.40100617680253303     
  0.40374481649022714     
  0.41034033523079377     
  0.41442633074657192     
  0.41820189110854206     
  0.42207303382276179     
  0.42576911629893927     
  0.43157320578043068     
  0.43967407853584967     
  0.44945124814311094     
  0.45806820195525694     
  0.46699229492704547     
  0.47102376558103953     
  0.47692878406535827     
  0.48399979130831361     
  0.49742265402437136     
  0.52463814809780629     
  0.52626320532788051     
  0.53639768516799602     
  0.54910376969146579     
  0.55827595619561377     
  0.58120172048640295     
  0.59461731906182014     
  0.60797821720686207     
  0.62111303037613574     
  0.62327262791187721     
  0.63916132713752905     
  0.65024381894413918     
  0.66629641945051765     
  0.67819667968382813     
  0.68659231237282181     
  0.70116487071583566     
  0.95423529489714842     
   1.1518833702070717     
   1.1715417523284064     
   1.1982099167267590     
   1.2056891500001761     
   1.2267784582845402     
   1.2359223286573242     
   1.3612481986615681     
   1.4091205404187532     
   1.4606022068224243     
   1.5795396333898972     
   1.6932529774768206     
   1.7369338179914322     
   1.7829460591397588     
   1.8237293343167638     
   1.8408492085703294     
   1.9380844966880644     
   1.9570333725708011     
   1.9718235285255867     
   2.0006965084866124     
   2.0097078560127772     
   2.0180591796962268     
   2.0214057532543257     
   2.0264847170500726     
   2.0282206282902067     
   2.0291871403478741     
   2.0318256935344143     
   2.0350070054362175     
   2.0380140060752039     
   2.0387430552738621     
   2.0419405970369957     
   2.0456124763168484     
   2.0473681209382870     
   2.0526248515885386     
   2.0583874861267968     
   2.0597237027687809     
   2.0637968867509189     
   2.0714020471769250     
   2.0747457920878727     
   2.0749338730123492     
   2.0777436291535891     
   2.0802700264069434     
   2.0803370327811974     
   2.0815376375156589     
   2.0896383071787343     
   2.0957864178709023     
   2.0972391593115627     
   2.0977586009947813     
   2.1010461890140784     
   2.1034380164501849     
   2.1054588974643131     
   2.1069863863385714     
   2.1080833087947743     
   2.1113755123651896     
   2.1144932437838566     
   2.1207030559152353     
   2.1245235159565659     
   2.1279758987340860     
   2.1299391558253582     
   2.1324738460593728     
   2.1349316656021742     
   2.1380101863867096     
   2.1392505304027059     
   2.1418578329639955     
   2.1433312008514225     
   2.1485560051846382     
   2.1506946904757416     
   2.1543737407730394     
   2.1556250787065063     
   2.1561787630707205     
   2.1629599050158332     
   2.1681575784263978     
   2.1685970375732331     
   2.1700352207325437     
   2.1716127482810403     
   2.1731433449149975     
   2.1752278695718585     
   2.1766140293509633     
   2.1781297160747157     
   2.1814872236810303     
   2.1861430292702502     
   2.1969988006056358     
   2.2033618350967128     
   2.2040172840480228     
   2.2107571582580028     
   2.2173321546800904     
   2.2238738851706246     
   2.2254025963461310     
   2.2268031069809733     
   2.2368468853596939     
   2.2385103152965562     
   2.2395959193884023     
   2.2437287791280291     
   2.2563576118176218     
   2.2597129189277370     
   2.2667690698620402     
   2.2699584996885611     
   2.2709018476040344     
   2.2814360432821497     
   2.2952902926237098     
   2.2991287183690852     
   2.3067962641907549     
   2.3139688047398610     
   2.3151282472065349     
   2.3178334190661558     
   2.3213180107511953     
   2.3327636140012049     
   2.3364408365135652     
   2.3376370407277367     
   2.3418673228252191     
   2.3447204836090041     
   2.3471712963219464     
   2.3607567160702798     
   2.3676852825932584     
   2.3766250086199765     
   2.3814479346430240     
   2.4139774786249646     
   2.5301749892975582     
   2.5856561572633741     
   2.7067714717753852     
   2.8286724294680106     
   2.8610713663850746     
   2.9042877053652836     
   2.9408509861037042     
   2.9444598563016666     
   2.9603129966241801     
   3.0477792650181526     
   3.0525848846217825     
   3.3499446801252253     
