 beta=  0.12192759770893510     
  -3.0673063996186502E-016
  -1.3593922626369713E-016
  -6.9868686010488534E-017
   2.8307538918748840E-016
   3.5710747178059910E-016
   3.8535393246596358E-016
   1.5550803752400593E-004
   2.2020813436030468E-004
   2.4173789841834336E-004
   3.2285438573775670E-004
   4.2136302153200059E-004
   5.6910073946718834E-004
   6.5697138066815619E-004
   7.6783079176564344E-004
   7.9206568165003297E-004
   8.6939413848138825E-004
   1.0075000748029079E-003
   1.0936949523752929E-003
   1.3109082925552961E-003
   1.3941979793433462E-003
   1.5116183664275933E-003
   1.6789651469130834E-003
   1.9203293031184990E-003
   1.9894252889210832E-003
   2.1408336348486823E-003
   2.3758389421603852E-003
   2.5094577073722225E-003
   2.5957817917789507E-003
   2.8012187568427840E-003
   3.0982052613055797E-003
   3.1822742454535873E-003
   3.3508908629588520E-003
   3.7596692799929587E-003
   3.9405750799246788E-003
   4.1685079953720306E-003
   4.2553202115196377E-003
   4.3264195881358210E-003
   4.5634029374572978E-003
   4.8284834570930229E-003
   4.9810714244883838E-003
   5.0852425094129678E-003
   5.5608212234706999E-003
   5.9638954807946969E-003
   6.1952862134184161E-003
   6.7432332496532724E-003
   6.8692696626624734E-003
   7.4179513016090692E-003
   7.4768414750806169E-003
   7.7626491595865314E-003
   7.8203277130984815E-003
   7.8913188484113061E-003
   8.1939579572343265E-003
   9.0317499097195952E-003
   9.0625644659368763E-003
   9.5897869205584154E-003
   9.6164078666607263E-003
   1.0088020187295179E-002
   1.0405898368273032E-002
   1.0490162063690632E-002
   1.0813956081464732E-002
   1.1564026716439444E-002
   1.1726224080318735E-002
   1.1769494988795440E-002
   1.2185205346929823E-002
   1.2326151416368810E-002
   1.2598227235520346E-002
   1.2803467715048903E-002
   1.2913974233451123E-002
   1.3355018560574220E-002
   1.3473053936567822E-002
   1.3569387099284567E-002
   1.3802364977437403E-002
   1.4388401672248106E-002
   1.4500907640708164E-002
   1.4696285630958324E-002
   1.5185216493627396E-002
   1.5451712118289570E-002
   1.5653857647024604E-002
   1.5818965685084441E-002
   1.6077373707667531E-002
   1.6728421182830060E-002
   1.6949390578706133E-002
   1.7440554603182661E-002
   1.7789248942947502E-002
   1.8247571146932835E-002
   1.8640154140539218E-002
   1.8908787062318414E-002
   1.9010129986385564E-002
   1.9175769542762441E-002
   1.9422586217961307E-002
   2.0168962877805140E-002
   2.0296719754161793E-002
   2.0787843413386596E-002
   2.1379665975654966E-002
   2.1479987508540053E-002
   2.2253830649049663E-002
   2.2540516735649101E-002
   2.2628068807918851E-002
   2.2989959581370088E-002
   2.3115960451457151E-002
   2.3540812552107649E-002
   2.3833412881395403E-002
   2.4507038765590756E-002
   2.5056308365057723E-002
   2.5846263770084227E-002
   2.5962141730547776E-002
   2.6191211866291669E-002
   2.6509549188146273E-002
   2.6789809328509464E-002
   2.7319774479225682E-002
   2.7749058781990535E-002
   2.8034045412740068E-002
   2.9063744328434699E-002
   2.9605724898941015E-002
   2.9811066112705124E-002
   3.0689724725930557E-002
   3.1246752740783229E-002
   3.1666195027859029E-002
   3.1889606753518443E-002
   3.2192565186068764E-002
   3.2806730166522746E-002
   3.3872868405671080E-002
   3.4312453984958441E-002
   3.4704239134577305E-002
   3.5610379813505191E-002
   3.5704238025583396E-002
   3.6854207694889896E-002
   3.7584336927721812E-002
   3.8992906651867762E-002
   3.9507601356181185E-002
   4.0407362994231248E-002
   4.0897470370588274E-002
   4.1402541894434645E-002
   4.2146093163012190E-002
   4.2230944205807648E-002
   4.3184691563437308E-002
   4.3328333101891429E-002
   4.3590331981027582E-002
   4.4161452824139608E-002
   4.4602668743757096E-002
   4.6384707191291265E-002
   4.6744916426567008E-002
   4.7933964942016523E-002
   4.8768740871017915E-002
   4.9326303082157623E-002
   4.9553679986126996E-002
   4.9765549089106506E-002
   5.1153077024549874E-002
   5.1814337115025297E-002
   5.2300549376815560E-002
   5.3449918108718762E-002
   5.3766595286916435E-002
   5.4364878413293238E-002
   5.7270250601648226E-002
   5.8171073524797758E-002
   5.9015559817384940E-002
   5.9481789940974091E-002
   6.0776322360606663E-002
   6.2214063480226470E-002
   6.3329934487519654E-002
   6.4242517989048981E-002
   6.7552557988824952E-002
   6.8490568015672090E-002
   6.9961920584476103E-002
   7.0541701367210954E-002
   7.1689693161600454E-002
   7.3480965115304428E-002
   7.7451542268975757E-002
   7.8644117447687331E-002
   7.9433109016670486E-002
   8.1424692430479839E-002
   8.4699353017589907E-002
   9.1560370779905281E-002
   9.3951869846225763E-002
   9.8458158632808629E-002
  0.10230623429337646     
  0.10499518932722289     
  0.10909468574476817     
  0.11046537368625400     
  0.11253619266419414     
  0.11364449835974592     
  0.11491931484066482     
  0.11741146004229641     
  0.11964013456897518     
  0.12398335953545553     
  0.12429797427081614     
  0.13410606812693759     
  0.13547208848838208     
  0.14293973027829096     
  0.14595934958731513     
  0.14640292619363962     
  0.14673998221767179     
  0.15373011746055912     
  0.15542815610851202     
  0.15632755892127900     
  0.15644552888132407     
  0.15728348721671440     
  0.16288806274652851     
  0.16630019583987976     
  0.16744599899034179     
  0.17615187129065735     
  0.17784690138498319     
  0.17943921892879938     
  0.18228960938094585     
  0.18834964655254166     
  0.18971224801175532     
  0.19192315948732461     
  0.19367491763323244     
  0.20766134908874387     
  0.21015458353617270     
  0.21227746164196368     
  0.21297896189819340     
  0.21433198854915425     
  0.21826097194180372     
  0.22788266202278756     
  0.23767279166225239     
  0.24134640310743946     
  0.24196500475077282     
  0.24407366294442129     
  0.25009962898428162     
  0.25858443002274217     
  0.26634128690741377     
  0.26815250156940512     
  0.26961365453728592     
  0.27119542225818366     
  0.27459881150470700     
  0.27810876171660842     
  0.27840884696839102     
  0.29385991701819331     
  0.29452229229835120     
  0.30149866819426407     
  0.30964701937942846     
  0.30986937568101175     
  0.31148713409139017     
  0.31172529595432746     
  0.33573161715436672     
  0.33971841018137111     
  0.34346013871959474     
  0.34908633832634250     
  0.35037150794948541     
  0.35779920888162775     
  0.36405749845134949     
  0.37013412303937865     
  0.37996152877782158     
  0.40590184306108523     
  0.41314982765703245     
  0.41675441019290493     
  0.42050242627236400     
  0.43279772021741303     
  0.45506388999655922     
  0.45920072747858021     
  0.48248018630441603     
  0.50327949454753729     
  0.50983137164101910     
  0.54574756910879219     
  0.54698316618373266     
  0.55713024066308392     
  0.56626446959331633     
  0.57621248153584226     
  0.58076069396008301     
  0.58382208369905286     
  0.88733470186290508     
   1.0889653020643655     
   1.0989014540049526     
   1.1119938918197390     
   1.1514371318138199     
   1.1828787056758987     
   1.1899074285635038     
   1.3102516417045365     
   1.3354768739384775     
   1.3966996244519341     
   1.5176931785164571     
   1.6133051687875226     
   1.6733960429498442     
   1.7233151610345741     
   1.7759069057889603     
   1.7896627111094618     
   1.8805976462111538     
   1.8917751725609884     
   1.9102767037954944     
   1.9408690810269880     
   1.9423744889967147     
   1.9458679688855165     
   1.9478651445094755     
   1.9522041175826077     
   1.9551480544542408     
   1.9584577687001745     
   1.9608869014519641     
   1.9685244172219265     
   1.9693818743537661     
   1.9717364312641235     
   1.9771600482598852     
   1.9782399594077105     
   1.9810459730826611     
   1.9814395707421155     
   1.9826396028549538     
   1.9850759550942563     
   1.9863402766258886     
   1.9898975896094269     
   1.9917931716932040     
   1.9934135490292049     
   2.0002611469228557     
   2.0048309256486454     
   2.0058409107633253     
   2.0095038046215232     
   2.0144580882215637     
   2.0208107487363121     
   2.0236406032097487     
   2.0240993788686508     
   2.0257901348963760     
   2.0274582700874348     
   2.0290758865502143     
   2.0313726238358067     
   2.0319874461167839     
   2.0334510692329690     
   2.0375794397199378     
   2.0388515383312913     
   2.0428151009295195     
   2.0439526844734011     
   2.0469071615539045     
   2.0482421507775741     
   2.0485728643223760     
   2.0511068734037385     
   2.0527618111787360     
   2.0535782364455892     
   2.0558848786259296     
   2.0569397340746867     
   2.0620409899055994     
   2.0642796418347444     
   2.0685289334884533     
   2.0701757338767037     
   2.0723238291222299     
   2.0763423294442336     
   2.0799286507161252     
   2.0813813950328330     
   2.0824083044505857     
   2.0835767473226174     
   2.0848827528286007     
   2.0910331816278536     
   2.0941765762881244     
   2.0948831087922608     
   2.0969754756834504     
   2.0975763310700422     
   2.1026345264069231     
   2.1113334463994384     
   2.1137227071068447     
   2.1181933927668624     
   2.1298230971380798     
   2.1312627246214642     
   2.1358105692151148     
   2.1369234131132324     
   2.1392393024792558     
   2.1432133330836338     
   2.1550491120600963     
   2.1565606611527950     
   2.1620327084196922     
   2.1757874208989278     
   2.1772193689802406     
   2.1784220109506864     
   2.1895552387396910     
   2.1928080004156110     
   2.2041662251218792     
   2.2043680582073044     
   2.2190781575033318     
   2.2251220296366290     
   2.2306643657470411     
   2.2322739576385424     
   2.2361361170784431     
   2.2436077013418640     
   2.2440565150066139     
   2.2503086981770077     
   2.2534632840557505     
   2.2603323647776961     
   2.2682447820109424     
   2.2918614501534353     
   2.3166633773209133     
   2.3267544958015298     
   2.3565531716052459     
   2.4711078306097831     
   2.4982697208087186     
   2.6447325192793221     
   2.7546140233760679     
   2.8237258908799796     
   2.8681282753223956     
   2.8724757110049386     
   2.9011490397218345     
   2.9020830613096154     
   2.9611437805045098     
   2.9924683689634515     
   3.3034875854672392     
