 beta=   2.6539679078706508     
  -3.9135092673885766E-016
  -9.8901100423209936E-017
   2.0838688118535193E-016
   2.2761161760604008E-016
   5.8959420198431523E-016
   9.7225068744197045E-016
   1.1730068741502319E-002
   1.3694673296783363E-002
   1.7378956152855517E-002
   1.9715428586905018E-002
   2.3772063419966436E-002
   2.6344329109384806E-002
   2.7638681086885955E-002
   3.3650797777090229E-002
   3.4878610591496433E-002
   3.5260053060663647E-002
   3.9349530817873936E-002
   4.2921324561375498E-002
   4.5255676206699319E-002
   4.6501624056787413E-002
   4.9077260479306800E-002
   5.3037368302878377E-002
   5.5294290469432565E-002
   5.6418962080457803E-002
   5.7752477064438458E-002
   6.0905068676260540E-002
   6.1893609755944885E-002
   6.2724900467745287E-002
   6.3129292969107215E-002
   6.4335953769955587E-002
   6.6048501573572185E-002
   6.6912583395487529E-002
   6.8652895295157515E-002
   7.0068410075003751E-002
   7.1119952000581674E-002
   7.3453998399296991E-002
   7.5190400802527285E-002
   7.5979088409090303E-002
   7.6414889518900991E-002
   7.7442455395522081E-002
   8.0319225678316883E-002
   8.2427156755485689E-002
   8.4144789638359849E-002
   8.4734949896337786E-002
   8.5571993549225608E-002
   8.6740300035953455E-002
   8.7214712526973728E-002
   8.8639452383605544E-002
   8.9294544006821797E-002
   9.1111642054940919E-002
   9.3143728715942911E-002
   9.5414059076181446E-002
   9.7449092006207452E-002
   9.8725829116158084E-002
   9.9330894885029511E-002
   9.9752132595865226E-002
  0.10175326633317285     
  0.10392650042642836     
  0.10549099823909842     
  0.10681286544078340     
  0.10751323747145723     
  0.10913306225829861     
  0.11081128852433887     
  0.11266099407440877     
  0.11278530245705068     
  0.11343167090547863     
  0.11561725206620098     
  0.11697110517796711     
  0.11724758222356661     
  0.11826810043915961     
  0.11903785948139740     
  0.11975805403660005     
  0.12124835077053092     
  0.12221468375222133     
  0.12277452072494559     
  0.12360561582806502     
  0.12688820248465396     
  0.12799299788231708     
  0.12877051269501119     
  0.12925656601778196     
  0.13049040610198381     
  0.13150936141749997     
  0.13226242284802245     
  0.13392059019680863     
  0.13414783169008801     
  0.13556047799012294     
  0.13668339776070743     
  0.13801342924342455     
  0.13826860231926089     
  0.13913765577077028     
  0.14009560988661562     
  0.14028243571152169     
  0.14192880368768632     
  0.14247791534136464     
  0.14411882304779072     
  0.14545499635687215     
  0.14557640803799540     
  0.14631061385172484     
  0.14698664637151251     
  0.14751149751961873     
  0.14819877796888259     
  0.14924403604777825     
  0.14976667514763892     
  0.15061683717906463     
  0.15155304461078900     
  0.15209519777369512     
  0.15383642660720134     
  0.15425962986399411     
  0.15617569894710492     
  0.15697879587000249     
  0.15796100407353822     
  0.15922084822176466     
  0.16003758470118307     
  0.16056263210803942     
  0.16091902306036093     
  0.16231976945151830     
  0.16439384471822732     
  0.16567417558622502     
  0.16679954295960944     
  0.16710660278867170     
  0.16821409761828993     
  0.16931650011943386     
  0.17042767692209793     
  0.17110905192353473     
  0.17183900115264591     
  0.17295519579834137     
  0.17391582039683803     
  0.17563726715554626     
  0.17625287706551310     
  0.17791480018774861     
  0.17885398658441742     
  0.17906556583744890     
  0.18177361895796329     
  0.18318938873633675     
  0.18463472218649546     
  0.18493481570021686     
  0.18548491061772890     
  0.18640566564352812     
  0.18891623899039925     
  0.19028997301213810     
  0.19159822513135585     
  0.19213604276021504     
  0.19298387577578444     
  0.19571943744144235     
  0.19658623625861210     
  0.19850576671516071     
  0.19944586169304809     
  0.20104811601136871     
  0.20297986911530949     
  0.20345817363739904     
  0.20410266318997683     
  0.20580822876823224     
  0.20725071997131064     
  0.20784116100911074     
  0.20955624537367351     
  0.21044990391552038     
  0.21122143617612660     
  0.21366705408148037     
  0.21618628057240979     
  0.21725846896489553     
  0.21795538934457132     
  0.21989055462602899     
  0.22237990413619058     
  0.22339493794672707     
  0.22491410500468562     
  0.22655999518609790     
  0.23040982403613833     
  0.23236483506089595     
  0.23353347149598391     
  0.23636267730415125     
  0.23768997851995569     
  0.23972572424419464     
  0.24109274965166066     
  0.24547314366488651     
  0.24779897811363255     
  0.25083222547406880     
  0.25117156224144582     
  0.25432796117341155     
  0.25696389139102688     
  0.26098170234015433     
  0.26148558216049195     
  0.26546242949411469     
  0.27063012142061699     
  0.27268330038014055     
  0.27610101191950398     
  0.28039518130433794     
  0.28286441256240963     
  0.28611039369062263     
  0.28811368051395647     
  0.28972503566478824     
  0.29180582959085116     
  0.29509529988870359     
  0.29894898898810385     
  0.30255319510755857     
  0.30565243015154192     
  0.30736894940727072     
  0.31069211153084003     
  0.31374946054291492     
  0.31947846460344215     
  0.32237861737926804     
  0.32607238184130705     
  0.32921078451335539     
  0.33089271648881258     
  0.33343417847659990     
  0.34105696775893768     
  0.34319348176972458     
  0.34776905432075500     
  0.34956502723847521     
  0.35024801949743106     
  0.36224845906151704     
  0.36746964551384931     
  0.36936428077408329     
  0.37260912861858669     
  0.37488064981081581     
  0.37860329599879683     
  0.38235625985868360     
  0.38691411467105191     
  0.39230038997314759     
  0.39351011712117756     
  0.39877203381448145     
  0.40462039614018824     
  0.41076966428972200     
  0.41565686430304910     
  0.41884617523147311     
  0.42639146041736509     
  0.43488395469823526     
  0.43778902202482778     
  0.44390703380794366     
  0.44805909688199308     
  0.45577816821522060     
  0.45879930222861770     
  0.46316480926351167     
  0.46696662363561858     
  0.46992158858375488     
  0.47142370786908405     
  0.47250503952012585     
  0.48045632816658712     
  0.49442019817787153     
  0.51133160900376917     
  0.51751880217262547     
  0.51973455307351879     
  0.53389327688074240     
  0.53687913887380090     
  0.54742457058937033     
  0.57855755986871693     
  0.58546188959031764     
  0.58979313524168797     
  0.60033587615853212     
  0.62114905437641887     
  0.62753108240182431     
  0.64755111312724467     
  0.65965050084335497     
  0.66358167132691215     
  0.68417953753294758     
  0.68778770916496657     
  0.71839126205905790     
  0.72156027390747512     
  0.74717285000991562     
  0.75075709289555737     
  0.75362852112896617     
  0.99058392236308557     
   1.1780562468375257     
   1.2062157320655171     
   1.2332752996203489     
   1.2394469208159162     
   1.2608551237142249     
   1.2662311730875087     
   1.3854436580426746     
   1.4641592493887816     
   1.4889890507325145     
   1.6056840967180885     
   1.7406365178879373     
   1.7699305988004077     
   1.8258446149424639     
   1.8495622507606222     
   1.8710074317916376     
   1.9477740652984756     
   1.9692127215921147     
   1.9968170490199491     
   2.0013142042685184     
   2.0326033954474538     
   2.0402125670341063     
   2.0498413060422416     
   2.0528331817745271     
   2.0540435443739460     
   2.0650006684111681     
   2.0669160303662464     
   2.0687454133823580     
   2.0721487000672583     
   2.0758899907059489     
   2.0780487541669328     
   2.0866325599056701     
   2.0886667670831445     
   2.0908596442512684     
   2.0974332115335641     
   2.0989016289917255     
   2.0991631633447394     
   2.1042224927421906     
   2.1158147404175356     
   2.1206282693212701     
   2.1209536132923961     
   2.1237990528266715     
   2.1243334934695617     
   2.1261712873550471     
   2.1310348671173425     
   2.1325575458084103     
   2.1336061146602305     
   2.1355314397976546     
   2.1409486872098835     
   2.1447701224084148     
   2.1464466307702792     
   2.1486356249051477     
   2.1508377848108480     
   2.1583731672243043     
   2.1618212109302819     
   2.1720531302951613     
   2.1735641925401303     
   2.1760014185659742     
   2.1765223789058359     
   2.1808813636242834     
   2.1837870990213113     
   2.1873798512185827     
   2.1882190379893300     
   2.1915884128557410     
   2.1939269958919279     
   2.1957631847642372     
   2.1984344750635518     
   2.2021357531430445     
   2.2062940460214988     
   2.2098813590753443     
   2.2104254522757869     
   2.2125317112689213     
   2.2148893922375357     
   2.2212141943584154     
   2.2256135895448019     
   2.2278229503719316     
   2.2293377266511643     
   2.2319523081061416     
   2.2339565788299525     
   2.2345462213382898     
   2.2382615630959841     
   2.2410081576855458     
   2.2426381039360321     
   2.2525051377830150     
   2.2569358057460405     
   2.2596336225276357     
   2.2697398238181932     
   2.2714138300989273     
   2.2748949881541174     
   2.2802602089018480     
   2.2826439261825615     
   2.2883371654456610     
   2.2910683141148596     
   2.2995041675523198     
   2.3026018585475185     
   2.3085325771488363     
   2.3096310147079775     
   2.3112978228864858     
   2.3286295522100020     
   2.3313292630492937     
   2.3434913872344638     
   2.3483865116013547     
   2.3553706090231046     
   2.3584932840290187     
   2.3628520131693143     
   2.3642526865933582     
   2.3667701270986363     
   2.3709961316207799     
   2.3789051481094070     
   2.3846583844786458     
   2.3926947672752537     
   2.3981261754616292     
   2.4086038775695711     
   2.4098919550425855     
   2.4153992530568904     
   2.4326632740733816     
   2.4434411820676343     
   2.4460047565965759     
   2.5597275878783465     
   2.6356093909278511     
   2.7387157085473914     
   2.8723785025432749     
   2.8902804463813627     
   2.9358868706253696     
   2.9680237503842459     
   2.9757014378641897     
   2.9916240077171343     
   3.0772780300086060     
   3.0953531807191630     
   3.3762213439848296     
