 beta=  0.56834343657076636     
  -2.9037662424411305E-016
  -1.4082090680999640E-016
   2.9635056546628114E-017
   1.3569776239182841E-016
   3.2071076594254186E-016
   3.6969305246610939E-016
   1.3439637373296117E-003
   1.5104839009988441E-003
   2.2507284055057436E-003
   2.5857768134018963E-003
   2.7729223646582148E-003
   3.2128644400567317E-003
   3.3978311708780227E-003
   3.8334746143083307E-003
   4.2479386448255017E-003
   4.7314821875213235E-003
   5.2083451257514133E-003
   5.8713062161519945E-003
   5.9566119765657819E-003
   6.2825175098293563E-003
   6.7033236132939154E-003
   7.0398077849587355E-003
   7.8641705281907569E-003
   8.1877066424016678E-003
   9.0349037684982671E-003
   1.0114910619538932E-002
   1.0518225374706090E-002
   1.0571164373487950E-002
   1.1047435106913773E-002
   1.1493242727199329E-002
   1.2482356954570478E-002
   1.3275325291711899E-002
   1.3900000354612491E-002
   1.4598994053264298E-002
   1.5223870992639322E-002
   1.5533445327868458E-002
   1.6080633641464670E-002
   1.6805565911958142E-002
   1.7314592243377995E-002
   1.7927667187749168E-002
   1.8529183248126007E-002
   1.9190574763839431E-002
   1.9538058842351016E-002
   1.9859197343278009E-002
   2.0873551194487503E-002
   2.1443230437232886E-002
   2.1999708820172707E-002
   2.2133820154263354E-002
   2.2861769005290845E-002
   2.3605547648397479E-002
   2.4194362780537208E-002
   2.4571617925916188E-002
   2.5811169850874505E-002
   2.5949537064426532E-002
   2.6643818027368749E-002
   2.7009076476879869E-002
   2.7497546586488265E-002
   2.7849083125274562E-002
   2.8310611755438871E-002
   2.9212924869648785E-002
   2.9389100747288340E-002
   2.9901336899679803E-002
   3.0370817716248555E-002
   3.0916441887903538E-002
   3.1274848072440381E-002
   3.1697475000466831E-002
   3.1854850433706304E-002
   3.2102185387640376E-002
   3.2765220603200050E-002
   3.3488126056914883E-002
   3.3929463256813300E-002
   3.4662551156215818E-002
   3.4900606426916135E-002
   3.5343331558025000E-002
   3.5974104005802636E-002
   3.6401939001784366E-002
   3.6797410589428550E-002
   3.7529756459430956E-002
   3.7806450104784929E-002
   3.7972372828084536E-002
   3.8321296606219774E-002
   3.8451866071221065E-002
   3.9170089648970716E-002
   3.9571844354112005E-002
   3.9880901331905763E-002
   4.0181747809007802E-002
   4.0578204498909455E-002
   4.0997698897712313E-002
   4.2013937995418416E-002
   4.2314059498669405E-002
   4.2438020058281865E-002
   4.3692072471401888E-002
   4.3974863039484002E-002
   4.4423674167514089E-002
   4.4963973493815104E-002
   4.5594763676987372E-002
   4.6175212092738990E-002
   4.6817724263657726E-002
   4.7210292088833587E-002
   4.7402590591939131E-002
   4.8156718129734315E-002
   4.8556469735943832E-002
   4.8804090657640312E-002
   4.9858391467223137E-002
   5.0481720503198310E-002
   5.0967999537201873E-002
   5.2139605593165397E-002
   5.2617160748158684E-002
   5.2671679696463421E-002
   5.3199905824865189E-002
   5.3805643040586409E-002
   5.3950049700023650E-002
   5.5048394579154607E-002
   5.5370675209032209E-002
   5.6612832647735541E-002
   5.6858670248220250E-002
   5.7633715574113134E-002
   5.7921455678905866E-002
   5.8484361394962610E-002
   5.8898268582753911E-002
   5.9876653177673121E-002
   6.0655297153535646E-002
   6.1859319908830777E-002
   6.2038403779987650E-002
   6.3557926516986440E-002
   6.4463233697546807E-002
   6.4722691196388765E-002
   6.5205933294832930E-002
   6.5876570807317569E-002
   6.6589632634349291E-002
   6.6987439405607654E-002
   6.7898835672758964E-002
   6.8983732992467142E-002
   6.9124634490387582E-002
   7.0467641556025085E-002
   7.1914685236583537E-002
   7.2212112312357774E-002
   7.2928921283503742E-002
   7.4501262603030888E-002
   7.5862176684360696E-002
   7.6882330310694968E-002
   7.7921396274063290E-002
   7.8958949277575297E-002
   7.9222067327790940E-002
   8.0397397739739015E-002
   8.0605319644548257E-002
   8.2515140221082056E-002
   8.3860342932732812E-002
   8.4801593707148043E-002
   8.5599765254317478E-002
   8.5975146227930344E-002
   8.6699503737855468E-002
   8.8141510193405992E-002
   8.9809148107262218E-002
   9.1667687906211978E-002
   9.3279616975271998E-002
   9.3733565215489700E-002
   9.4361309987991318E-002
   9.5584532012547421E-002
   9.6529518941563933E-002
   9.8387167172611867E-002
  0.10261124687876841     
  0.10290778413490359     
  0.10448062866248976     
  0.10557222410743469     
  0.10629903398120448     
  0.10829084625536164     
  0.10950700543620474     
  0.11083191663377182     
  0.11249615838511712     
  0.11655989043771665     
  0.12546486154838699     
  0.12593235112198786     
  0.12860676687731593     
  0.13075803222675828     
  0.13417783976701025     
  0.13500986208430299     
  0.13866897418275667     
  0.14143333044740639     
  0.14701800711442609     
  0.15015132073103812     
  0.15230443560470067     
  0.15415605727373285     
  0.15684675067610088     
  0.16332511684212414     
  0.16715859137247657     
  0.16949585008370863     
  0.17154579308220899     
  0.17330512335111742     
  0.17559422360599278     
  0.17841754865383594     
  0.18534916261286785     
  0.18652324071270451     
  0.18764717281309240     
  0.18781408896696658     
  0.18958411204860637     
  0.19548216502701160     
  0.19967880686832795     
  0.20183421141940130     
  0.20339662176777937     
  0.20775564917050465     
  0.21214445142496716     
  0.21376484186253486     
  0.21451581971620653     
  0.21920870097053749     
  0.22049373741534564     
  0.22162529338239051     
  0.22397561249753284     
  0.24187361099115154     
  0.24265090714811424     
  0.24371812573811719     
  0.24476144181341430     
  0.25318937510365236     
  0.25540561450108806     
  0.26239212527291716     
  0.26890527818060350     
  0.27029543973134662     
  0.27130827461606533     
  0.27714950975776459     
  0.28630914320689826     
  0.28828002943284903     
  0.29086988943296360     
  0.29607282851698147     
  0.29956506514691750     
  0.30271867066716296     
  0.30923706915161342     
  0.31318367427909621     
  0.31447775847877790     
  0.32928920533262196     
  0.33180082464695337     
  0.33460369613818358     
  0.33986906511073134     
  0.34149822378999478     
  0.34741555182051015     
  0.35157284492463908     
  0.36758005313230613     
  0.36830472980444218     
  0.37950446227642642     
  0.38459297314064428     
  0.38870652348172341     
  0.39087935901942716     
  0.39781573242618201     
  0.40016654235086407     
  0.40779470301639142     
  0.43739021249161908     
  0.44355360309631986     
  0.44526797246981581     
  0.45840837582891525     
  0.47018931133587238     
  0.49574665983863919     
  0.51400232875577689     
  0.51915942837722284     
  0.53891519930649145     
  0.55092742293249697     
  0.57527586757896643     
  0.58050777896892725     
  0.59047635041123792     
  0.60511831506026714     
  0.61358057018762302     
  0.62092143229776131     
  0.64183809003241887     
  0.91280734864554769     
   1.1026213269930829     
   1.1276423649105622     
   1.1420357896097397     
   1.1734069977253625     
   1.1959247630066687     
   1.2061809584249412     
   1.3277070167053577     
   1.3659728213570670     
   1.4197236821890642     
   1.5451349573753450     
   1.6436899576129786     
   1.7023146190784093     
   1.7475008318042295     
   1.7951976629517015     
   1.8077575501440688     
   1.8998337251362241     
   1.9137362429654718     
   1.9285964562101983     
   1.9646451828070723     
   1.9658121582141910     
   1.9664689526225618     
   1.9697793151307919     
   1.9775488591918089     
   1.9810292908367273     
   1.9818924098066757     
   1.9900804554774791     
   1.9947684692849224     
   1.9971293038224911     
   1.9976911180551853     
   1.9983837962746283     
   2.0001726277507577     
   2.0062934381378805     
   2.0070854532853279     
   2.0077793471062395     
   2.0088500603292112     
   2.0116323296905967     
   2.0118265269644446     
   2.0138914337737348     
   2.0185316558750168     
   2.0200542952855454     
   2.0227073793804040     
   2.0301789174817899     
   2.0317234272381515     
   2.0341215993430994     
   2.0426198640314333     
   2.0463013615417944     
   2.0469367063766160     
   2.0505949129406713     
   2.0526235120199439     
   2.0540112992595505     
   2.0572387189456749     
   2.0586863096285364     
   2.0590052020191174     
   2.0603058368874496     
   2.0615400964336072     
   2.0629340127824163     
   2.0643894989205172     
   2.0682431398713401     
   2.0709595542325481     
   2.0737388296422292     
   2.0762514700109884     
   2.0780936218187063     
   2.0792325567222494     
   2.0800009531199799     
   2.0857120439168271     
   2.0886950472193697     
   2.0908055363135385     
   2.0958338819882925     
   2.0979214461596269     
   2.1001998260325583     
   2.1039650381849007     
   2.1064901671720349     
   2.1092350487704947     
   2.1155733989772409     
   2.1171697431257903     
   2.1201166889868550     
   2.1209564780563399     
   2.1241884508642341     
   2.1257823790696353     
   2.1284955542772810     
   2.1336199266450109     
   2.1370531673861932     
   2.1399387991168100     
   2.1488731301192900     
   2.1548529080287904     
   2.1567944756854103     
   2.1600987364696800     
   2.1642888005596572     
   2.1678502013499807     
   2.1737753711543601     
   2.1791907558057821     
   2.1823132531831972     
   2.1889035400867707     
   2.1963337904591582     
   2.2002226303792338     
   2.2045283951667791     
   2.2103397884789171     
   2.2150655409437148     
   2.2284255249816369     
   2.2297829231628334     
   2.2383138159274640     
   2.2513141518461763     
   2.2530921817272618     
   2.2560476843084505     
   2.2608361287884007     
   2.2640630500677070     
   2.2696183746976155     
   2.2765743209336349     
   2.2800588035807268     
   2.2847597212739204     
   2.2866972381061386     
   2.2990975726643108     
   2.3054850729837666     
   2.3283929419976901     
   2.3399235066963917     
   2.3744482902485404     
   2.4890418573482593     
   2.5207208172280042     
   2.6684498909512686     
   2.7843574607167554     
   2.8382081884851202     
   2.8814475753506188     
   2.9035503287671376     
   2.9196951286539261     
   2.9253363071858680     
   2.9934479685925681     
   3.0135504276858094     
   3.3257908484057772     
