 beta=   2.1055529075316102     
  -1.6392897611512272E-015
  -7.3226839095990139E-016
  -5.2495272755027576E-016
  -4.1546367658404964E-016
   1.6492747461825326E-016
   8.2304466198323991E-016
   7.8027521489113768E-003
   8.9791047202250202E-003
   1.1548326376187466E-002
   1.2408996406361840E-002
   1.5450579623449305E-002
   1.8086738954964855E-002
   2.0251275318561791E-002
   2.2218328796783631E-002
   2.4971097650130513E-002
   2.7471332717371361E-002
   3.0864450446215334E-002
   3.1317101764831851E-002
   3.3789588894440815E-002
   3.6340885139872998E-002
   3.9323753017352893E-002
   3.9507997184081822E-002
   4.1107095185110208E-002
   4.2206532824667041E-002
   4.4369595253949762E-002
   4.4960042892260105E-002
   4.9491645213638746E-002
   5.0312518671372021E-002
   5.1123981242018550E-002
   5.1808268806494431E-002
   5.2526230573994845E-002
   5.4561234745600581E-002
   5.5480809481428778E-002
   5.6052850352759788E-002
   5.7183222132088492E-002
   5.8382719516651436E-002
   5.8997613257376590E-002
   5.9125099194650442E-002
   6.2380858790170857E-002
   6.2927691210204126E-002
   6.5107655431477993E-002
   6.6135816430747438E-002
   6.7781175207298830E-002
   6.8115051708649801E-002
   6.9683275920959700E-002
   7.0437439520954340E-002
   7.1755600689088678E-002
   7.3391721565155749E-002
   7.4330182200751826E-002
   7.4837610509014899E-002
   7.6533568050340006E-002
   7.7170393475634216E-002
   7.8644379236920234E-002
   8.0392033291553006E-002
   8.2413850739325695E-002
   8.2842134032270698E-002
   8.4632140983012583E-002
   8.6332769648386126E-002
   8.7149871183758582E-002
   8.7878893506046551E-002
   8.8859509335446979E-002
   8.9464993751514399E-002
   9.1574289863953454E-002
   9.1841005404282902E-002
   9.2186021553232605E-002
   9.3933601039152076E-002
   9.4655149754200793E-002
   9.6093426937401222E-002
   9.6691909033460782E-002
   9.7755605319462466E-002
   9.8705319794094803E-002
   9.9216234910204967E-002
  0.10093435987801296     
  0.10155290788850287     
  0.10184945253327995     
  0.10343388202047279     
  0.10494212318671496     
  0.10539503594859917     
  0.10717800008160527     
  0.10760963337695757     
  0.10832500434207518     
  0.10958833042769862     
  0.11169290560017642     
  0.11177538507618051     
  0.11280095517123680     
  0.11364555370174610     
  0.11402116544296777     
  0.11536586727509339     
  0.11556015115591112     
  0.11600866413390178     
  0.11678190753995236     
  0.11792891453412727     
  0.11851618982281587     
  0.11961024624994150     
  0.12041107703635072     
  0.12053952312690966     
  0.12117562257151031     
  0.12162740705030296     
  0.12272691672400095     
  0.12399804894947081     
  0.12417827820498430     
  0.12442834026622925     
  0.12510765903227553     
  0.12591003104670520     
  0.12711622890700447     
  0.12949220657425606     
  0.13001302712823309     
  0.13026454830979620     
  0.13160516726309360     
  0.13247363613166935     
  0.13302595146664328     
  0.13453647079696712     
  0.13510557420095673     
  0.13618578008040369     
  0.13693511068886588     
  0.13829522431040989     
  0.13879819719969283     
  0.14000936505105008     
  0.14078000854662578     
  0.14162169936912569     
  0.14270558248627388     
  0.14304417092388499     
  0.14410905293728080     
  0.14486634844613017     
  0.14617101575929897     
  0.14822416112273218     
  0.14937350408630573     
  0.14971108745143127     
  0.14978045910902760     
  0.15108846687821884     
  0.15310434745325144     
  0.15381339215439474     
  0.15439922289167213     
  0.15528226678713694     
  0.15708730358603928     
  0.15767034705163818     
  0.15864312090677699     
  0.16081403032518016     
  0.16145992179423216     
  0.16239157679602775     
  0.16426115764383761     
  0.16506721049321721     
  0.16590047507110983     
  0.16756639622597158     
  0.17012051767131933     
  0.17061081146228024     
  0.17177241761576678     
  0.17313553572792068     
  0.17409095705192706     
  0.17447239831802044     
  0.17744154898031173     
  0.17855768408707295     
  0.17912843605110623     
  0.17976666315521961     
  0.18266180993833403     
  0.18373851582527886     
  0.18394337633355928     
  0.18655350572144166     
  0.18811560909283961     
  0.18923354328516520     
  0.19042056516946682     
  0.19198992364033038     
  0.19422176968299390     
  0.19607605232112865     
  0.19623886394486040     
  0.20050151715253278     
  0.20384426927064508     
  0.20657646673569102     
  0.20750843332295371     
  0.20860819151633173     
  0.20915031955997448     
  0.21036030878290882     
  0.21243989157110307     
  0.21599352769767319     
  0.21663242387757761     
  0.21873281734814837     
  0.22043670460090942     
  0.22448032825097300     
  0.23127121163573838     
  0.23300950355703393     
  0.23461271374548984     
  0.23741260800638522     
  0.23904271452392412     
  0.24132554798856881     
  0.24342150333139770     
  0.24711818681169273     
  0.24909745279717777     
  0.25398137699968226     
  0.25589555031623423     
  0.25825249872438349     
  0.26056408293533151     
  0.26557976961878749     
  0.26816745048560670     
  0.27172848265560751     
  0.27587267476648952     
  0.27915999189373913     
  0.28165149515370252     
  0.28811754184422556     
  0.29061537993103964     
  0.29138727145695148     
  0.29276635228774850     
  0.29714330668774558     
  0.29996266525433241     
  0.30267089941560371     
  0.30706770896383612     
  0.31030478594930017     
  0.31253913616972884     
  0.31643732778674616     
  0.31979803986827388     
  0.32794227582784008     
  0.33633510333769767     
  0.34388072922522228     
  0.34754984195004429     
  0.34844472585586389     
  0.35094865661376368     
  0.35255518962885302     
  0.35378012797423680     
  0.35754284492722793     
  0.35934340316610169     
  0.36192881313546521     
  0.37359197397117211     
  0.37585349894244019     
  0.38003964602472540     
  0.38498255210206428     
  0.39229114807143589     
  0.39850612087585385     
  0.40355525472870907     
  0.41296651586122929     
  0.41487414903688596     
  0.42107559730842614     
  0.42641814872369621     
  0.43192045758425707     
  0.43618761771507064     
  0.43806049691666871     
  0.44255964967197686     
  0.45012103555886707     
  0.45768334016763851     
  0.46269588414420515     
  0.47951087050014707     
  0.48260024136085578     
  0.48483021463870196     
  0.49747842685387472     
  0.50323705748883352     
  0.50619103933258969     
  0.54021586487657547     
  0.54596250214758868     
  0.55242372680783125     
  0.56700188234303461     
  0.58290044516304840     
  0.59425225147921390     
  0.61591090033891627     
  0.62354982432868478     
  0.62987000376885727     
  0.64661844352016062     
  0.65208988409202540     
  0.67458639773304696     
  0.68256411976873110     
  0.69928248727719178     
  0.70839557844283774     
  0.72143092680036003     
  0.97799900457428446     
   1.1607052987270368     
   1.1915873341067251     
   1.2160671075734688     
   1.2197620661255675     
   1.2430538677524059     
   1.2553876284870524     
   1.3743335914634942     
   1.4325065969228983     
   1.4773141402925238     
   1.5936491264826422     
   1.7114385573975393     
   1.7502265511946156     
   1.8022505587086599     
   1.8311658308438736     
   1.8553295469843487     
   1.9268041192534522     
   1.9546587823163992     
   1.9703346688019263     
   1.9871061527485452     
   2.0139489266708912     
   2.0238272125449979     
   2.0371261233228650     
   2.0415941182023953     
   2.0464678436294794     
   2.0480185705856764     
   2.0487317594981644     
   2.0502346748656484     
   2.0532217650283231     
   2.0557135920151159     
   2.0588992790653773     
   2.0606590416887052     
   2.0626766440515643     
   2.0671439240236382     
   2.0712020633856674     
   2.0760315630998409     
   2.0771743298046252     
   2.0810250451789667     
   2.0934908849874128     
   2.0970021391296050     
   2.0983179727956038     
   2.0984033645760691     
   2.1014922773925679     
   2.1044131829555761     
   2.1064577089775609     
   2.1072220785290097     
   2.1128841104807567     
   2.1166311986849466     
   2.1195507649949787     
   2.1223279770376253     
   2.1249684949327636     
   2.1258909428229407     
   2.1269899620943873     
   2.1325127993254092     
   2.1347684236951228     
   2.1452601026125517     
   2.1467846659210830     
   2.1504430186548538     
   2.1512039875429041     
   2.1535502123078936     
   2.1544944571775502     
   2.1567903742739776     
   2.1616262756908675     
   2.1650685582617801     
   2.1655268560916374     
   2.1676791850358166     
   2.1707599760528864     
   2.1731511406838568     
   2.1768053989063079     
   2.1802190791634044     
   2.1837288463551645     
   2.1871115511415540     
   2.1879131755804826     
   2.1923658239127306     
   2.1951332095622020     
   2.1970030283767006     
   2.2001520589862622     
   2.2030642142927102     
   2.2073005400297259     
   2.2100028724091976     
   2.2143262288900907     
   2.2158064929796875     
   2.2177330595612199     
   2.2308005402800184     
   2.2337967214700929     
   2.2346322012218485     
   2.2400118030186849     
   2.2483043005675567     
   2.2496371995803983     
   2.2511716052910202     
   2.2577332482353447     
   2.2619900695001616     
   2.2662353668886390     
   2.2742863995731804     
   2.2773560282244705     
   2.2827092035638006     
   2.2871744311137494     
   2.2892265912345304     
   2.2983170939770567     
   2.3134086581408511     
   2.3198149894967135     
   2.3256487318541947     
   2.3289672463813873     
   2.3309969506649475     
   2.3367296419653694     
   2.3393757381753391     
   2.3429235115984808     
   2.3470909329650818     
   2.3552039027520437     
   2.3591346087401064     
   2.3596257618306873     
   2.3641836008554304     
   2.3793007126213364     
   2.3887016142904813     
   2.3936575640527527     
   2.3965850653930825     
   2.4134962357853129     
   2.4267034264889382     
   2.5448622449550040     
   2.6071150956919542     
   2.7254672937208215     
   2.8448180488599517     
   2.8846637836884774     
   2.9245018788463084     
   2.9553067043893790     
   2.9582399421838121     
   2.9785190230962817     
   3.0536245904567036     
   3.0750929123774982     
   3.3677969758822397     
