  88.73  
  78.44  
  70.49  
  55.69  
  52.82  
  53.70  
  44.53  
  44.87  
  43.57  
  36.64  
  33.94  
  38.22  
  35.58  
  36.82  
  31.83  
  29.50  
  33.82  
  43.23  
  46.75  
  51.69  
  52.92  
  65.48  
  69.16  
  59.22  
  50.05  
  36.31  
  35.15  
  28.50  
  39.42  
  68.86  
  81.88  
  73.07  
  58.27  
  39.07  
  31.46  
  35.93  
  26.91  
  20.75  
  24.49  
  26.30  
  29.64  
  25.74  
  28.63  
  24.75  
  31.27  
  34.26  
  35.84  
  35.54  
  31.09  
  42.59  
  41.56  
  38.31  
  35.16  
  30.79  
  35.17  
  38.05  
  35.21  
  33.61  
  42.01  
  37.35  
  37.76  
  35.66  
  35.90  
  34.04  
  32.29  
  29.13  
  33.57  
  24.60  
  26.86  
  26.29  
  26.69  
  32.00  
  30.82  
  33.37  
  35.56  
  45.12  
  52.28  
  51.71  
  58.66  
  63.94  
  71.64  
  54.63  
  52.10  
  60.99  
  50.34  
  51.20  
  48.90  
  49.25  
  63.77  
  60.03  
  50.67  
  55.58  
  50.47  
  47.83  
  41.44  
  32.66  
  34.76  
  41.00  
  61.82  
  77.99  
  84.22  
  70.36  
  56.51  
  50.38  
  45.90  
  39.71  
  39.64  
  32.80  
  31.99  
  31.85  
  29.85  
  23.07  
  24.84  
  33.36  
  26.45  
  24.41  
  24.41  
  35.65  
  33.33  
  28.17  
  33.85  
  24.81  
  31.08  
  33.11  
  40.85  
  43.34  
  46.29  
  46.56  
  54.86  
  50.24  
