                                                          -6.696  22.003  26.447
                                                          -5.313  23.981  26.352
                                                          -6.891  25.193  24.428
                                                          -5.829  26.999  25.561
                                                          -9.238  25.386  23.908
                                                          -7.858  27.154  27.557
                                                          -6.040  28.483  28.423
                                                         -10.775  26.034  30.334
                                                         -10.648  27.701  31.706
                                                          -4.554  26.201  29.194
                                                          -2.492  27.284  28.575
                                                          -3.096  22.069  30.304
                                                          -2.284  23.115  32.029
                                                          -2.874  26.663  25.797
                                                          -1.732  28.749  25.518
                                                          -4.082  23.858  22.452
                                                          -4.118  30.226  25.284
                                                          -2.686  31.909  26.240
                                                          -2.933  30.933  28.846
                                                          -0.849  32.120  29.060
                                                           0.670  30.102  27.900
                                                           2.183  31.704  26.957
                                                           2.451  26.028  28.517
                                                           0.584  25.440  27.547
                                                           0.462  32.236  24.777
                                                           1.002  34.532  24.826
                                                          -0.987  35.159  26.817
                                                           0.613  36.788  27.776
                                                           1.948  34.832  29.154
                                                           3.746  36.313  28.684
                                                           3.185  31.613  31.795
                                                           1.111  31.490  32.497
                                                           4.375  35.089  26.210
                                                           5.108  37.285  25.635
                                                           2.482  38.106  24.744
                                                           3.341  40.248  25.376
                                                           2.620  40.003  28.044
                                                           4.281  41.596  28.542
                                                           0.694  39.178  29.164
                                                           6.429  39.916  27.972
                                                           7.580  41.947  27.290
                                                           6.326  42.020  24.806
                                                           6.055  44.390  24.697
                                                           3.304  44.245  25.573
                                                           2.889  44.743  27.823
                                                           1.362  45.900  25.680
                                                          -0.327  44.468  26.038
                                                           5.293  46.400  28.082
                                                           4.315  47.311  30.060
                                                           2.467  48.811  28.776
                                                           0.189  48.826  29.396
                                                           1.480  49.126  26.287
                                                           1.487  51.294  26.337
                                                          -0.417  46.341  28.589
                                                          -2.725  46.782  28.403
                                                          -2.616  48.079  25.966
                                                          -4.213  47.333  24.351
                                                          -0.647  48.198  24.144
                                                          -1.796  49.554  22.920
                                                          -3.185  44.822  24.047
                                                          -3.040  44.051  21.780
                                                          -0.742  45.570  21.225
                                                           1.230  46.259  22.472
                                                          -0.824  47.960  20.889
                                                           2.948  45.226  20.545
                                                           2.968  46.058  18.283
                                                           4.614  48.231  18.848
                                                           6.709  47.194  19.149
                                                           3.328  50.261  19.465
                                                           8.042  48.661  17.186
                                                          10.010  48.216  18.477
                                                           8.236  51.000  16.543
                                                           9.395  50.247  20.386
                                                          10.371  48.918  22.116
                                                           8.160  47.434  22.629
                                                           9.814  45.682  22.880
                                                           3.830  47.450  23.067
                                                           3.900  48.247  24.996
                                                           9.571  44.776  20.282
                                                          11.821  44.226  20.767
                                                          12.770  46.883  20.366
                                                          14.485  46.150  21.904
                                                          13.153  46.797  24.169
                                                          14.269  44.943  25.120
                                                          12.010  46.918  26.379
                                                          12.557  43.050  24.184
                                                          14.644  41.851  24.241
                                                          15.291  42.403  21.571
                                                          17.509  42.058  22.382
                                                          17.784  44.748  23.248
                                                          19.310  44.062  24.976
                                                          17.351  42.851  26.531
                                                          18.483  40.814  27.143
                                                          15.277  41.685  26.924
                                                          18.426  39.820  24.495
                                                          20.410  38.948  23.530
                                                          21.774  41.366  23.425
                                                          22.816  41.594  21.213
                                                          20.442  42.345  19.998
                                                          18.896  44.034  20.578
                                                          18.387  38.761  17.367
                                                          20.142  46.026  19.052
                                                          20.572  46.811  16.765
                                                          21.697  45.729  21.775
                                                          18.069  46.009  15.859
                                                          17.657  48.313  16.486
                                                          17.541  49.173  13.853
                                                          15.334  48.317  13.644
                                                          17.668  48.675  11.496
                                                          14.113  50.802  13.422
                                                          12.604  49.451  12.118
                                                          12.059  52.647  15.735
                                                          10.234  52.468  14.557
                                                          14.141  49.427   9.828
                                                          12.939  47.338   9.458
                                                          14.658  45.869  11.023
                                                          12.753  44.655  11.678
                                                          18.727  45.739  12.437
                                                          19.328  44.616  10.672
                                                          12.024  46.429  13.766
                                                           9.849  45.688  13.089
                                                           9.529  47.460  11.046
                                                           8.121  45.751  10.085
                                                           6.141  48.787  10.645
                                                          10.179  44.341   8.880
                                                           8.795  42.418   9.293
                                                          10.900  45.179   6.250
                                                          13.003  44.962   6.817
                                                           9.613  42.106  11.907
                                                           7.376  41.226  12.098
                                                           6.206  43.697  12.614
                                                           4.348  42.828  11.327
                                                           5.295  43.775   8.930
                                                           3.850  41.993   8.201
                                                           6.704  46.424   6.834
                                                           5.680  40.017   8.679
                                                           3.896  38.441   8.950
                                                           9.213  38.003   9.794
                                                           8.439  35.960   9.721
                                                           3.156  39.398  11.506
                                                           0.810  39.722  11.892
                                                           0.738  42.329  11.068
                                                          -0.065  42.685   8.791
                                                          -0.834  44.378  11.658
                                                           0.621  45.908  10.829
                                                          -2.114  40.819   9.062
                                                          -3.364  41.876   7.392
                                                          -4.498  43.838   9.122
                                                          -4.609  46.155   8.577
                                                          -3.669  44.751  11.695
                                                          -5.642  44.742  12.521
                                                          -1.733  46.342   8.405
                                                          -1.666  48.677   8.614
                                                          -2.608  48.645  11.292
                                                          -1.383  50.118  12.688
                                                          -2.429  46.793  13.325
                                                           1.053  48.800  12.337
                                                           2.604  48.563  14.089
                                                           0.964  46.893  15.618
                                                          -0.391  45.099  14.724
                                                          -1.157  47.624  16.526
                                                           0.513  43.331  16.621
                                                           0.015  43.642  18.955
                                                          -2.517  42.309  18.661
                                                          -1.551  40.126  18.437
                                                          -4.024  40.917  16.573
                                                          -5.554  42.440  16.561
                                                          -3.021  38.984  20.513
                                                          -2.552  36.961  19.256
                                                          -4.815  37.106  17.708
                                                          -3.427  35.825  16.235
                                                          -1.981  38.065  15.277
                                                          -0.126  36.532  15.110
                                                          -1.470  42.217  14.438
                                                          -2.920  42.249  12.800
                                                           0.744  36.990  17.758
                                                           1.520  34.720  17.636
                                                          -1.099  33.706  18.420
                                                          -0.170  31.897  17.173
                                                          -1.335  32.723  14.741
                                                           0.464  31.527  13.721
                                                          -1.271  34.330  12.930
                                                           2.339  33.524  14.102
                                                           3.965  31.788  14.517
                                                           3.445  31.850  17.332
                                                           4.182  29.553  17.200
                                                           1.613  28.701  16.334
                                                           3.214  27.215  15.321
                                                           3.037  28.517  12.815
                                                           5.177  27.479  12.526
                                                           6.459  29.181  14.306
                                                           7.796  27.257  14.814
                                                           6.025  26.315  16.792
                                                           7.226  24.429  15.914
                                                           5.102  23.767  14.134
                                                           6.942  22.450  13.256
                                                           8.249  24.759  12.235
                                                          10.384  23.757  12.574
                                                           6.559  25.388  10.202
                                                           7.744  27.050   9.425
                                                          10.551  24.555  15.264
                                                          11.682  22.523  15.889
                                                          11.129  26.689  16.292
                                                           9.281  20.990  15.705
                                                          10.441  19.123  14.702
                                                           8.299  21.330  18.263
                                                           6.204  21.324  17.681
                                                          10.167  20.164  12.093
                                                          12.315  18.996  12.081
                                                           8.306  20.685  10.685
                                                          13.731  21.407  12.350
                                                          15.501  19.921  12.987
                                                          15.188  22.973  10.441
                                                          17.277  23.077  11.083
                                                          14.526  19.525  15.575
                                                          15.187  17.245  15.787
                                                          13.217  21.836  19.266
                                                          15.334  21.923  19.692
                                                          13.190  16.277  14.094
                                                          14.923  14.825  13.233
                                                           9.369  14.471  13.233
                                                           8.327  16.361  13.527
                                                          15.497  16.557  11.055
                                                          17.793  15.879  11.262
                                                          18.384  17.699  13.290
                                                          19.840  16.031  14.274
                                                          17.769  14.618  15.451
                                                          19.297  12.840  14.901
                                                          14.324  12.991  17.317
                                                          14.425  14.297  19.067
                                                          17.940  12.266  12.492
                                                          19.913  11.526  11.456
                                                          21.128  14.041  11.349
                                                          23.225  12.941  11.889
                                                          22.797  13.183  14.654
                                                          24.067  11.230  14.936
                                                          21.923   9.511  14.231
                                                          23.493   8.007  13.248
                                                          23.519   9.409  10.767
                                                          25.888   8.980  10.593
                                                          26.597  11.381  11.810
                                                          27.335  11.275  14.124
                                                          28.910  12.650  11.917
                                                          28.169  14.562  12.713
                                                          27.969   8.523  13.903
                                                          29.280   8.745  15.859
                                                          31.145  10.443  14.844
                                                          32.057  12.530  15.501
                                                          31.951  11.793  12.509
                                                          33.764  10.619  12.255
                                                          29.543  13.869  15.254
                                                          31.108  15.640  15.650
                                                          32.201  15.542  13.076
                                                          32.141  17.637  11.872
                                                          31.841  13.851  10.695
                                                          29.345  17.442  11.389
                                                          28.473  17.800   9.159
                                                          29.231  15.410   8.193
                                                          29.733  13.165   8.786
                                                          33.005  20.751   7.193
                                                          27.815  12.157   6.981
                                                          28.561  12.059   4.672
                                                          30.367   9.981   5.172
                                                          28.454   8.425   4.933
                                                          31.360   8.533   6.827
                                                          29.718   7.093   2.817
                                                          28.533   5.264   3.788
                                                          30.728   4.600   5.518
                                                          28.985   3.727   6.974
                                                          28.321   6.203   8.014
                                                          26.146   5.190   8.019
                                                          29.205  10.211   9.326
                                                          30.346   9.430  11.028
                                                          25.426   6.264   5.550
                                                          24.109   4.246   5.523
                                                          26.136   2.598   4.602
                                                          25.024   0.770   5.739
                                                          26.112   1.398   8.231
                                                          23.923   0.708   8.898
                                                          22.765   3.086   9.097
                                                          20.718   1.898   8.475
                                                          21.273   1.761   5.834
                                                          20.050  -0.359   5.886
                                                          22.121  -1.826   6.819
                                                          20.346  -2.952   7.952
                                                          23.953  -2.589   8.315
                                                          20.368  -1.121  10.142
                                                          18.005  -1.294  10.505
                                                          22.764   0.053  12.638
                                                          17.353  -0.012   8.074
                                                          15.662  -1.110   6.757
                                                          17.382  -3.345   6.242
                                                          17.410  -4.213   4.074
                                                          19.055  -2.096   3.031
                                                          21.318  -1.394   3.467
                                                          17.447  -1.993   0.249
                                                          15.536  -1.575   1.207
                                                          22.396  -3.713   2.225
                                                          22.499  -3.789  -0.177
                                                          23.950  -1.332  -0.301
                                                          26.210  -1.765   0.455
                                                          27.296  -1.646  -2.068
                                                          27.065   0.709  -1.760
                                                          27.009  -1.130  -4.423
                                                          29.839   1.168  -1.812
                                                          29.249   3.263  -2.842
                                                          31.940   2.877  -0.421
                                                          30.962   0.421   0.650
                                                          32.863   2.737  -2.402
                                                          32.886  -0.103  -0.173
                                                          28.982   2.220  -5.391
                                                          27.378   3.966  -5.625
                                                          29.696   1.312  -9.507
                                                          27.759   0.316  -9.692
                                                          25.278   2.502  -4.482
                                                          24.531   4.617  -3.684
                                                          23.591  -1.576  -3.547
                                                          22.385  -1.363  -5.331
                                                          26.113   4.619  -1.379
                                                          26.317   7.023  -1.682
                                                          28.518   6.833  -3.372
                                                          27.649   8.855  -4.258
                                                          31.122   6.680  -2.118
                                                          31.830   5.341  -3.686
                                                          25.689   7.582  -5.856
                                                          24.236   9.460  -5.458
                                                          24.068   4.589  -8.248
                                                          22.490   5.801  -9.201
                                                          23.383   8.529  -2.972
                                                          23.299  10.839  -2.377
                                                          26.016  10.923  -1.558
                                                          25.806  13.161  -2.399
                                                          26.755  12.441  -4.958
                                                          25.674  14.473  -5.500
                                                          23.122  13.312  -5.518
                                                          22.190  15.478  -5.013
                                                          20.744  10.133  -6.727
                                                          18.846  11.002  -6.125
                                                          23.050  15.486  -2.379
                                                          24.025  17.409  -1.411
                                                          26.669  16.705  -2.327
                                                          27.341  17.834  -4.298
                                                          29.127  17.280  -1.406
                                                          30.167  15.723  -2.566
                                                          26.497  20.404  -3.305
                                                          28.127  21.801  -4.316
                                                          29.977  21.525  -2.190
                                                          32.271  20.784  -2.429
                                                          30.424  19.858  -0.114
                                                          30.250  21.330   1.488
                                                          31.471  18.349  -3.693
                                                          33.821  18.092  -3.345
                                                          33.548  17.362  -0.645
                                                          34.275  15.315   0.376
                                                          31.410  17.478   1.113
                                                          32.636  18.199   2.795
                                                          32.203  13.799  -0.846
                                                          31.260  12.176   0.617
                                                          30.185  14.092   2.384
                                                          28.816  15.812   1.536
                                                          33.369  15.549   4.744
                                                          26.768  15.445   3.308
                                                          26.897  15.634   5.704
                                                          26.632  18.420   5.637
                                                          24.331  18.016   5.227
                                                          27.400  21.702   4.129
                                                          23.454  19.448   7.469
                                                          21.456  19.754   6.155
                                                          17.971  20.946  10.369
                                                          22.463  21.984   4.853
                                                          20.863  21.061   3.315
                                                          24.243  25.347   2.914
                                                          22.347  25.771   1.862
                                                          22.708  19.329   2.111
                                                          20.886  17.783   1.722
                                                          26.825  18.170   1.799
                                                          27.259  19.519   0.179
                                                          20.845  16.890   4.380
                                                          18.481  16.674   4.057
                                                          17.874  19.223   4.871
                                                          16.149  19.034   3.166
                                                          17.788  19.809   1.115
                                                          16.179  18.449  -0.027
                                                          18.632  22.666  -1.319
                                                          17.507  16.036   0.595
                                                          15.403  14.875   0.826
                                                          15.081  15.705   3.519
                                                          12.816  15.644   2.680
                                                          12.558  18.451   2.797
                                                          11.073  17.854   1.003
                                                          13.796  20.484   2.242
                                                          12.996  18.460  -0.991
                                                          12.239  16.249  -1.625
